22 23 32 1
21 23 33 1
20 23 33 1
21 23 32 1
20 22 33 1
20 21 33 1
19 20 33 1
20 20 32 1
19 20 32 1
20 19 33 1
20 20 33 1
19 20 35 1
19 20 34 1
19 21 36 1
20 20 36 1
19 20 36 1
19 20 37 1
19 21 37 1
19 22 37 1
21 22 32 1
21 22 33 1
21 22 34 1
21 20 35 1
21 21 35 1
21 21 34 1
22 23 39 1
21 23 38 1
22 23 38 1
21 22 37 1
21 23 37 1
20 23 37 1
19 23 37 1
18 23 37 1
19 22 33 1
19 23 33 1
18 23 32 1
19 23 32 1
19 21 33 1
19 18 38 1
19 18 37 1
19 19 38 1
19 19 37 1
20 19 38 1
19 19 36 1
18 19 36 1
16 19 36 1
16 18 36 1
16 18 37 1
16 18 35 1
17 16 36 1
18 16 36 1
16 16 36 1
16 17 36 1
17 17 36 1
18 17 35 1
18 17 36 1
18 18 36 1
16 16 35 1
17 17 37 1
18 18 37 1
17 18 38 1
17 18 37 1
21 13 38 1
21 13 37 1
21 12 37 1
20 13 38 1
20 13 37 1
20 13 35 1
20 12 35 1
19 13 36 1
19 13 35 1
19 12 37 1
19 13 37 1
20 13 36 1
20 13 34 1
21 14 34 1
21 15 34 1
21 15 33 1
20 15 34 1
20 14 34 1
21 12 34 1
20 12 34 1
21 11 34 1
21 12 33 1
21 11 33 1
22 12 34 1
22 12 33 1
19 13 34 1
21 12 36 1
21 12 35 1
22 12 36 1
19 16 37 1
19 15 37 1
19 15 35 1
19 15 36 1
19 14 35 1
19 14 33 1
19 14 34 1
20 15 37 1
20 16 37 1
18 14 35 1
19 12 33 1
19 13 33 1
20 13 33 1
20 16 38 1
18 14 36 1
18 15 36 1
16 14 36 1
16 15 36 1
17 15 36 1
23 9 34 1
23 10 34 1
22 10 34 1
21 10 34 1
22 11 37 1
22 11 36 1
21 11 37 1
21 10 37 1
21 10 38 1
19 10 36 1
19 10 35 1
19 9 36 1
20 9 36 1
21 9 36 1
21 9 37 1
21 8 37 1
22 9 37 1
22 9 36 1
21 9 35 1
20 7 35 1
19 7 35 1
19 7 36 1
19 8 35 1
19 9 35 1
20 9 35 1
20 8 35 1
22 10 35 1
22 10 36 1
25 15 33 1
26 15 33 1
25 15 34 1
26 14 34 1
26 15 34 1
26 15 36 1
26 15 35 1
25 15 35 1
23 15 34 1
23 15 35 1
24 15 35 1
22 15 36 1
22 15 35 1
22 15 34 1
26 15 32 1
28 15 32 1
27 15 32 1
28 16 32 1
29 15 32 1
29 16 32 1
29 17 32 1
30 17 31 1
29 17 31 1
30 17 33 1
30 17 32 1
30 15 32 1
31 15 32 1
28 17 33 1
28 17 32 1
26 15 31 1
25 15 31 1
26 15 30 1
25 16 33 1
27 16 33 1
27 16 34 1
26 16 33 1
25 15 32 1
25 16 32 1
26 17 34 1
26 19 35 1
26 21 35 1
25 20 35 1
26 20 35 1
26 18 35 1
27 17 35 1
27 18 35 1
28 18 35 1
27 17 34 1
27 19 34 1
27 18 34 1
27 19 32 1
27 19 31 1
27 19 33 1
28 19 33 1
31 18 34 1
31 18 33 1
30 18 33 1
31 18 32 1
30 20 32 1
30 19 32 1
31 19 32 1
28 19 34 1
28 19 35 1
29 19 34 1
27 20 34 1
29 20 34 1
28 20 34 1
30 20 33 1
29 20 33 1
30 21 32 1
32 23 34 1
31 22 34 1
31 23 34 1
31 21 34 1
31 21 35 1
31 22 32 1
31 22 33 1
31 21 32 1
30 22 33 1
30 22 32 1
30 22 31 1
31 22 31 1
31 22 30 1
31 21 31 1
32 21 29 1
32 21 28 1
33 21 29 1
35 21 28 1
35 22 28 1
34 21 27 1
34 22 27 1
35 22 27 1
33 22 28 1
34 22 28 1
34 21 28 1
33 21 28 1
31 21 29 1
31 21 30 1
31 23 30 1
33 23 26 1
34 23 26 1
34 23 25 1
34 23 27 1
34 22 25 1
35 22 26 1
34 22 26 1
40 22 30 1
39 23 29 1
39 22 29 1
39 23 28 1
38 23 28 1
40 22 29 1
40 23 29 1
40 23 28 1
37 23 28 1
37 23 27 1
36 23 26 1
36 23 27 1
37 22 27 1
37 21 26 1
37 22 26 1
38 20 26 1
38 21 26 1
37 21 25 1
36 21 25 1
35 21 25 1
36 22 26 1
36 22 25 1
35 23 25 1
36 23 25 1
36 20 25 1
36 20 26 1
36 20 27 1
36 21 24 1
35 21 23 1
36 21 23 1
36 19 23 1
36 20 23 1
36 20 22 1
39 22 22 1
39 21 20 1
38 21 21 1
39 21 21 1
39 21 22 1
39 22 21 1
37 22 21 1
37 20 21 1
37 21 21 1
38 19 21 1
38 20 21 1
37 19 21 1
37 20 22 1
38 20 22 1
38 19 22 1
38 21 22 1
37 21 22 1
38 17 22 1
38 18 22 1
39 18 22 1
40 17 23 1
39 17 23 1
39 17 22 1
40 18 23 1
39 18 23 1
39 16 22 1
39 16 23 1
40 18 21 1
39 18 21 1
38 17 20 1
38 17 21 1
38 16 21 1
39 16 21 1
38 16 20 1
39 14 20 1
38 14 21 1
38 14 20 1
39 12 18 1
39 13 18 1
39 13 17 1
40 13 18 1
40 13 17 1
40 11 18 1
42 13 18 1
42 12 18 1
42 13 17 1
42 14 17 1
42 12 17 1
41 12 18 1
40 12 18 1
41 13 19 1
41 13 18 1
41 13 17 1
43 15 17 1
42 17 19 1
42 16 19 1
41 16 17 1
41 16 18 1
41 16 19 1
42 16 17 1
42 15 17 1
40 16 19 1
41 17 19 1
41 19 19 1
41 20 19 1
41 20 20 1
41 18 19 1
42 15 15 1
41 15 16 1
40 15 16 1
41 15 15 1
41 15 17 1
41 14 17 1
39 15 16 1
38 14 16 1
38 15 16 1
38 16 16 1
38 16 18 1
38 16 17 1
35 15 21 1
35 15 22 1
35 16 22 1
35 16 18 1
35 16 19 1
35 16 20 1
35 16 21 1
36 15 21 1
34 16 20 1
34 15 20 1
34 15 21 1
35 15 20 1
34 14 20 1
36 16 20 1
36 15 20 1
36 17 18 1
36 16 18 1
36 15 18 1
36 16 19 1
37 16 18 1
35 15 17 1
36 15 17 1
37 15 20 1
38 15 20 1
38 15 21 1
39 15 20 1
41 15 21 1
40 15 21 1
39 15 21 1
39 14 22 1
40 13 21 1
40 13 22 1
39 13 21 1
41 13 21 1
39 14 21 1
38 11 22 1
37 11 22 1
36 12 22 1
37 12 22 1
38 12 22 1
39 12 22 1
39 13 22 1
18 25 37 1
19 25 37 1
18 24 37 1
18 25 36 1
18 24 36 1
20 24 37 1
19 24 37 1
19 24 36 1
31 25 30 1
30 24 30 1
31 24 30 1
40 25 29 1
40 24 29 1
39 25 29 1
39 24 29 1
40 24 28 1
40 25 28 1
42 25 27 1
41 25 27 1
40 25 27 1
36 24 27 1
35 25 27 1
35 24 27 1
34 24 28 1
34 24 27 1
36 24 28 1
36 24 25 1
35 24 25 1
35 25 25 1
36 26 25 1
37 26 26 1
38 26 26 1
36 26 26 1
35 26 26 1
35 25 26 1
35 26 25 1
33 24 26 1
33 25 26 1
33 41 23 2
33 42 23 2
34 43 23 2
33 43 23 2
34 44 23 2
32 44 23 2
33 44 23 2
34 46 23 2
33 46 23 2
33 46 22 2
34 46 22 2
32 46 23 2
32 45 23 2
34 47 22 2
34 47 28 2
36 47 28 2
35 47 28 2
35 47 27 2
36 47 29 2
35 48 28 2
35 49 28 2
34 49 27 2
34 49 29 2
34 49 28 2
33 49 28 2
33 49 27 2
32 49 27 2
32 50 27 2
32 50 29 2
32 50 28 2
32 49 28 2
31 50 29 2
31 50 28 2
31 50 27 2
31 49 29 2
31 49 28 2
31 50 26 2
30 50 26 2
32 50 26 2
31 50 25 2
33 51 28 2
33 50 28 2
35 46 25 2
35 48 25 2
35 47 25 2
35 46 26 2
35 47 26 2
35 49 26 2
35 48 26 2
34 47 26 2
32 47 27 2
33 47 27 2
34 47 27 2
32 48 27 2
34 48 26 2
33 48 25 2
33 48 26 2
32 48 26 2
31 48 27 2
30 46 26 2
30 46 27 2
30 47 27 2
30 48 27 2
30 48 28 2
30 49 28 2
29 45 27 2
30 45 27 2
32 51 29 2
34 49 30 2
35 50 22 2
36 50 22 2
36 49 22 2
36 49 21 2
36 48 21 2
36 49 23 2
35 49 23 2
36 48 23 2
36 48 22 2
35 49 24 2
34 49 24 2
34 50 24 2
35 48 22 2
35 48 23 2
35 48 24 2
34 48 22 2
33 48 24 2
33 49 24 2
33 49 23 2
33 49 22 2
27 47 28 2
26 47 28 2
26 48 28 2
28 47 28 2
25 48 28 2
25 49 28 2
28 47 29 2
27 47 29 2
28 46 29 2
28 46 27 2
28 48 27 2
28 47 27 2
29 47 27 2
29 48 27 2
29 49 29 2
29 48 29 2
29 48 28 2
27 47 27 2
33 48 23 2
32 48 23 2
31 49 30 2
31 49 31 2
31 46 29 2
31 47 31 2
31 46 31 2
31 46 30 2
32 46 30 2
31 48 31 2
30 49 31 2
32 47 30 2
30 46 30 2
29 43 30 2
29 44 29 2
29 45 29 2
29 44 30 2
28 45 30 2
28 44 30 2
28 43 30 2
29 45 30 2
29 46 30 2
29 45 31 2
28 45 32 2
30 45 32 2
29 45 32 2
30 44 31 2
30 45 31 2
28 44 31 2
27 43 30 2
26 43 31 2
26 44 31 2
27 44 31 2
24 43 27 2
23 44 26 2
24 44 26 2
23 44 27 2
24 44 27 2
24 45 27 2
25 45 27 2
25 44 27 2
22 45 25 2
23 45 25 2
23 45 26 2
24 45 25 2
25 45 26 2
24 45 26 2
21 45 20 2
21 44 20 2
21 44 21 2
22 44 21 2
22 45 21 2
22 45 23 2
22 45 22 2
22 45 24 2
23 45 20 2
23 45 21 2
24 44 21 2
23 44 21 2
22 46 20 2
23 46 20 2
22 46 19 2
21 46 18 2
21 46 19 2
23 46 18 2
23 46 19 2
23 45 19 2
21 45 23 2
23 46 17 2
23 45 17 2
22 45 18 2
21 45 18 2
22 45 17 2
24 46 17 2
24 47 18 2
24 47 17 2
25 47 17 2
25 47 18 2
26 47 17 2
23 44 18 2
23 45 18 2
24 45 18 2
24 44 18 2
24 45 20 2
24 45 19 2
25 44 28 2
26 45 29 2
27 44 29 2
26 44 29 2
25 44 29 2
27 44 30 2
27 45 31 2
27 45 32 2
27 45 33 2
26 45 32 2
26 44 33 2
26 44 32 2
23 28 37 2
23 28 38 2
21 28 37 2
21 28 38 2
22 27 38 2
21 27 38 2
21 26 37 2
21 26 38 2
22 28 38 2
21 28 36 2
23 28 36 2
22 26 35 2
22 26 36 2
22 27 36 2
23 27 36 2
24 27 36 2
25 27 36 2
26 27 36 2
26 26 37 2
26 26 36 2
28 26 36 2
27 25 36 2
27 26 36 2
28 25 36 2
26 27 37 2
25 29 36 2
25 28 37 2
25 28 36 2
25 28 34 2
25 28 35 2
22 28 35 2
22 28 34 2
23 28 34 2
24 28 34 2
23 29 34 2
24 28 35 2
24 28 36 2
22 29 33 2
22 28 33 2
21 26 34 2
22 26 34 2
22 27 34 2
23 32 35 2
23 31 35 2
23 31 34 2
22 31 34 2
23 30 35 2
23 30 34 2
22 26 33 2
22 25 33 2
21 26 33 2
21 25 33 2
20 26 32 2
19 25 32 2
20 25 32 2
21 25 32 2
20 27 27 2
20 29 28 2
20 28 28 2
19 27 28 2
19 26 30 2
19 27 30 2
19 27 29 2
19 28 30 2
20 27 28 2
20 30 28 2
21 31 28 2
20 31 28 2
20 31 27 2
19 26 28 2
20 25 30 2
19 25 30 2
19 25 31 2
20 32 28 2
21 31 27 2
18 27 30 2
22 31 28 2
23 32 28 2
22 31 26 2
22 30 26 2
23 31 26 2
23 31 27 2
23 31 28 2
22 34 28 2
21 34 28 2
21 34 29 2
21 33 29 2
21 33 28 2
17 33 24 2
17 33 25 2
17 32 24 2
17 34 24 2
17 35 24 2
18 34 25 2
18 33 25 2
18 33 24 2
17 35 27 2
17 35 26 2
17 34 28 2
17 34 27 2
16 34 28 2
18 32 28 2
18 33 28 2
18 34 28 2
16 33 28 2
18 34 27 2
19 35 27 2
19 33 27 2
19 34 27 2
18 34 26 2
16 35 25 2
16 35 26 2
15 34 26 2
15 35 26 2
16 36 26 2
16 37 26 2
12 37 22 2
12 37 21 2
12 35 21 2
12 36 21 2
13 36 21 2
13 36 22 2
13 37 21 2
15 36 21 2
14 36 20 2
14 36 21 2
14 37 22 2
14 36 22 2
15 38 20 2
14 38 20 2
14 37 20 2
10 34 23 2
11 34 23 2
11 34 24 2
10 35 21 2
10 35 22 2
10 35 23 2
11 35 23 2
10 36 22 2
10 36 20 2
10 36 21 2
9 35 22 2
11 36 21 2
11 36 20 2
10 35 18 2
11 35 18 2
11 35 19 2
10 35 19 2
10 36 19 2
10 34 19 2
11 35 20 2
11 34 21 2
11 35 21 2
11 35 22 2
11 33 21 2
12 33 20 2
12 33 21 2
9 36 18 2
10 36 18 2
13 35 19 2
12 35 19 2
12 35 20 2
14 36 19 2
13 36 19 2
13 37 19 2
13 38 19 2
12 37 20 2
12 37 19 2
13 36 23 2
12 36 23 2
11 36 23 2
15 36 23 2
14 36 23 2
14 35 23 2
16 36 23 2
11 36 24 2
11 37 24 2
11 39 23 2
11 39 24 2
11 38 24 2
10 39 24 2
10 38 24 2
12 39 23 2
12 39 22 2
12 38 22 2
13 38 23 2
13 37 24 2
13 38 24 2
13 39 23 2
13 39 22 2
14 39 22 2
13 40 22 2
13 40 21 2
14 39 23 2
12 38 21 2
14 36 24 2
13 35 25 2
13 36 25 2
13 36 24 2
15 36 25 2
14 36 25 2
15 35 25 2
14 35 25 2
14 35 24 2
13 38 25 2
13 41 21 2
13 42 19 2
13 42 20 2
13 41 20 2
12 43 20 2
12 42 20 2
12 42 19 2
12 41 19 2
13 41 19 2
12 40 20 2
12 41 20 2
13 41 22 2
13 42 22 2
19 35 26 2
18 36 26 2
17 36 26 2
18 35 26 2
18 35 25 2
18 35 27 2
19 33 28 2
20 33 28 2
21 35 28 2
20 34 29 2
22 33 28 2
24 41 33 2
24 40 33 2
24 40 34 2
24 41 31 2
24 40 31 2
22 40 30 2
22 39 30 2
23 39 30 2
22 39 31 2
21 39 31 2
22 38 31 2
22 38 32 2
22 39 32 2
23 40 32 2
22 40 32 2
22 40 31 2
24 40 32 2
24 41 32 2
24 38 31 2
23 38 31 2
24 39 30 2
24 39 31 2
24 39 33 2
23 39 34 2
23 39 33 2
23 39 32 2
23 38 32 2
22 39 33 2
22 40 33 2
25 40 33 2
25 40 34 2
25 39 34 2
26 39 34 2
24 35 32 2
24 36 32 2
24 35 31 2
24 35 30 2
23 34 30 2
23 35 30 2
24 37 32 2
24 38 32 2
22 37 32 2
23 37 32 2
23 35 28 2
23 35 29 2
23 34 29 2
23 34 28 2
23 33 28 2
19 34 28 2
20 34 28 2
23 36 29 2
23 36 27 2
22 36 28 2
21 36 27 2
22 36 27 2
23 36 28 2
20 36 27 2
20 35 26 2
20 34 26 2
21 33 27 2
21 34 25 2
22 33 25 2
22 34 25 2
21 34 26 2
21 33 26 2
22 34 26 2
22 34 27 2
19 37 26 2
19 37 25 2
19 38 25 2
19 38 26 2
19 36 26 2
22 38 26 2
21 38 26 2
20 38 26 2
20 38 27 2
23 39 26 2
19 41 25 2
20 41 24 2
20 41 25 2
21 41 25 2
22 41 25 2
22 40 24 2
22 40 23 2
22 40 25 2
22 39 25 2
22 39 26 2
17 41 14 2
16 41 14 2
16 41 13 2
17 41 15 2
16 40 13 2
17 41 16 2
17 41 17 2
16 41 16 2
15 42 16 2
15 42 15 2
16 42 16 2
17 40 18 2
17 40 17 2
17 40 19 2
16 40 18 2
16 40 20 2
16 40 19 2
16 41 19 2
17 41 19 2
16 39 18 2
15 40 14 2
15 40 13 2
14 41 13 2
14 40 13 2
15 41 16 2
15 40 15 2
15 41 15 2
15 38 15 2
15 37 15 2
15 39 15 2
16 39 15 2
16 38 15 2
17 34 17 2
17 34 16 2
16 34 16 2
17 34 18 2
17 33 18 2
16 34 17 2
17 36 17 2
17 35 17 2
16 36 19 2
16 36 18 2
17 36 18 2
16 35 18 2
16 35 17 2
17 36 19 2
16 37 17 2
17 37 17 2
17 38 18 2
17 38 17 2
17 39 18 2
17 39 17 2
16 39 17 2
16 39 16 2
17 39 16 2
15 39 16 2
16 37 18 2
16 37 19 2
14 37 11 2
14 37 12 2
14 36 11 2
15 36 12 2
14 36 12 2
14 38 12 2
15 38 13 2
15 38 12 2
17 38 11 2
16 38 11 2
16 38 12 2
15 38 14 2
16 38 14 2
22 38 19 2
22 38 20 2
22 37 19 2
20 36 18 2
21 36 18 2
22 36 18 2
22 36 19 2
23 36 19 2
20 36 19 2
19 35 19 2
19 36 19 2
20 34 19 2
19 34 19 2
21 34 19 2
21 34 20 2
21 33 20 2
22 33 21 2
22 33 20 2
22 32 15 2
22 33 15 2
21 34 15 2
21 33 16 2
20 33 16 2
20 32 16 2
21 34 16 2
20 34 16 2
22 34 16 2
22 33 16 2
21 33 17 2
22 33 17 2
26 33 16 2
25 33 16 2
24 32 16 2
25 32 16 2
23 31 17 2
23 32 17 2
24 32 17 2
22 32 17 2
26 32 14 2
25 32 14 2
25 32 15 2
26 30 13 2
26 31 13 2
26 32 13 2
27 30 13 2
24 31 17 2
22 32 18 2
21 32 18 2
22 32 19 2
21 32 19 2
21 31 19 2
22 33 19 2
22 34 21 2
21 32 20 2
23 32 14 2
21 31 15 2
21 31 14 2
22 31 14 2
22 32 14 2
18 30 17 2
18 31 17 2
19 30 17 2
19 31 17 2
19 29 17 2
18 29 17 2
18 29 16 2
19 30 16 2
19 32 15 2
19 31 15 2
19 30 15 2
19 31 16 2
18 30 16 2
20 31 16 2
20 31 15 2
20 30 15 2
21 35 20 2
20 37 19 2
20 37 20 2
19 36 20 2
20 35 21 2
20 35 20 2
20 36 20 2
18 34 20 2
19 34 20 2
19 35 20 2
18 35 21 2
19 35 21 2
17 35 21 2
17 35 20 2
18 35 20 2
17 35 19 2
19 35 22 2
19 36 22 2
21 36 22 2
20 38 22 2
20 39 22 2
19 38 22 2
20 37 22 2
20 36 22 2
19 36 21 2
21 35 21 2
22 35 21 2
21 36 21 2
21 36 20 2
22 36 21 2
22 36 22 2
20 37 21 2
20 36 21 2
21 36 23 2
23 36 25 2
23 36 24 2
22 36 24 2
22 36 25 2
23 36 23 2
22 36 23 2
24 37 25 2
23 37 25 2
23 38 24 2
23 37 24 2
24 38 24 2
25 38 25 2
25 38 24 2
25 37 25 2
22 37 25 2
21 37 24 2
21 37 25 2
20 37 25 2
21 37 26 2
21 36 24 2
24 36 26 2
24 36 25 2
24 36 24 2
20 40 27 2
19 41 27 2
20 41 27 2
20 41 26 2
20 40 26 2
19 40 27 2
19 39 27 2
19 38 27 2
18 38 27 2
19 38 28 2
14 35 12 2
15 33 14 2
15 33 13 2
14 33 14 2
14 32 14 2
15 32 12 2
15 32 13 2
15 31 12 2
17 32 12 2
17 33 12 2
16 33 12 2
15 33 12 2
15 33 11 2
16 32 13 2
16 32 14 2
14 33 12 2
12 33 12 2
13 33 12 2
16 32 12 2
14 33 11 2
14 32 11 2
15 32 11 2
15 32 10 2
14 31 11 2
14 30 12 2
14 30 11 2
14 30 9 2
14 30 10 2
14 29 10 2
15 29 10 2
15 29 7 2
15 29 8 2
15 29 9 2
15 30 10 2
15 30 11 2
15 29 6 2
16 30 6 2
15 30 6 2
14 29 8 2
14 29 6 2
14 29 7 2
14 30 6 2
13 29 8 2
13 29 7 2
14 34 12 2
14 34 11 2
15 28 6 2
15 27 5 2
15 27 6 2
14 27 6 2
13 27 6 2
13 27 7 2
13 26 6 2
13 27 8 2
12 27 8 2
12 28 8 2
13 27 5 2
13 27 4 2
13 26 8 2
12 26 7 2
13 26 7 2
13 28 8 2
12 26 6 2
11 26 6 2
12 26 8 2
11 26 8 2
9 26 7 2
10 26 7 2
11 26 7 2
12 26 9 2
13 31 11 2
13 30 11 2
12 30 11 2
13 29 11 2
14 29 11 2
15 29 11 2
15 28 11 2
14 28 10 2
14 27 10 2
14 27 11 2
14 28 11 2
14 26 12 2
15 25 11 2
16 26 11 2
16 26 12 2
17 26 11 2
15 26 11 2
15 26 12 2
15 27 11 2
15 27 12 2
15 28 12 2
15 28 13 2
16 28 12 2
16 29 12 2
16 29 13 2
16 25 10 2
16 25 11 2
16 25 12 2
16 25 13 2
14 27 8 2
14 26 8 2
14 26 9 2
15 26 9 2
15 26 8 2
16 26 8 2
20 28 8 2
20 27 9 2
20 27 8 2
20 27 10 2
19 26 8 2
19 27 7 2
19 27 8 2
19 25 8 2
20 25 8 2
20 25 9 2
18 26 7 2
19 26 7 2
18 26 8 2
18 25 8 2
17 25 8 2
16 25 8 2
16 25 9 2
16 27 8 2
16 27 9 2
17 28 9 2
16 28 9 2
16 28 10 2
28 35 39 2
28 34 39 2
29 35 39 2
30 35 39 2
30 35 40 2
27 33 38 2
26 33 38 2
26 33 39 2
26 35 38 2
26 34 38 2
27 34 38 2
27 34 39 2
26 34 39 2
26 34 40 2
28 33 38 2
27 32 39 2
26 32 39 2
27 33 39 2
28 33 39 2
27 32 38 2
27 31 38 2
25 35 36 2
26 35 36 2
26 35 37 2
25 36 38 2
25 36 37 2
25 35 37 2
25 35 35 2
24 33 35 2
25 33 35 2
25 34 35 2
23 33 35 2
23 34 35 2
27 35 36 2
27 36 36 2
28 36 37 2
28 37 37 2
29 37 37 2
30 37 38 2
30 37 39 2
30 37 37 2
28 37 36 2
28 36 36 2
27 37 35 2
27 39 36 2
28 39 36 2
27 38 36 2
29 38 36 2
29 39 35 2
29 39 36 2
28 39 35 2
27 37 36 2
25 33 36 2
25 33 37 2
25 34 37 2
30 39 38 2
30 38 38 2
31 38 38 2
31 38 37 2
32 38 41 2
32 38 40 2
32 38 39 2
31 38 39 2
31 39 37 2
31 38 40 2
31 39 36 2
30 38 36 2
30 40 36 2
30 39 36 2
32 39 37 2
34 40 37 2
33 40 37 2
33 40 38 2
32 40 37 2
32 40 38 2
34 39 36 2
35 39 36 2
35 39 38 2
35 39 37 2
35 41 37 2
36 41 37 2
35 40 37 2
28 36 38 2
35 40 33 2
35 39 33 2
36 39 33 2
37 39 33 2
38 39 33 2
35 41 33 2
36 41 35 2
36 40 35 2
36 40 34 2
35 40 34 2
35 40 35 2
35 39 35 2
37 40 34 2
37 39 34 2
37 39 35 2
36 39 35 2
37 40 35 2
37 39 37 2
37 40 37 2
37 41 37 2
37 40 36 2
36 40 36 2
36 40 37 2
38 39 36 2
38 39 37 2
38 39 35 2
38 38 36 2
38 40 36 2
38 40 38 2
38 40 37 2
39 39 36 2
39 40 36 2
39 40 37 2
39 41 37 2
40 38 36 2
40 37 36 2
40 37 37 2
39 37 37 2
39 37 36 2
39 38 36 2
40 38 37 2
39 38 37 2
39 38 38 2
39 37 38 2
39 41 36 2
40 43 37 2
39 43 37 2
39 43 36 2
39 42 36 2
38 43 36 2
38 44 36 2
38 42 35 2
38 43 35 2
38 35 34 2
38 34 35 2
38 35 35 2
38 36 35 2
38 37 34 2
38 37 35 2
38 38 35 2
37 38 35 2
36 38 35 2
36 37 34 2
36 37 35 2
33 38 36 2
33 37 36 2
34 37 36 2
34 38 36 2
34 38 37 2
34 37 37 2
30 34 36 2
30 35 36 2
30 36 36 2
31 36 37 2
30 36 37 2
30 35 37 2
29 35 36 2
24 25 48 2
24 25 47 2
25 25 48 2
25 26 48 2
25 27 47 2
25 27 48 2
26 28 47 2
25 28 47 2
25 25 47 2
25 26 49 2
24 27 49 2
25 27 49 2
25 26 50 2
22 25 50 2
23 25 50 2
24 25 50 2
25 25 50 2
25 25 51 2
25 28 50 2
25 27 50 2
27 27 50 2
26 27 50 2
26 28 50 2
26 26 50 2
25 27 51 2
24 27 51 2
23 25 52 2
23 26 52 2
24 26 52 2
23 25 53 2
24 25 55 2
23 25 55 2
23 25 54 2
22 25 55 2
24 27 52 2
23 27 53 2
24 27 53 2
24 28 51 2
24 28 52 2
24 28 50 2
24 30 52 2
24 29 52 2
25 30 51 2
25 30 53 2
26 30 53 2
25 29 53 2
25 28 53 2
26 30 52 2
26 29 52 2
25 30 52 2
28 26 48 2
28 25 48 2
29 25 47 2
28 25 47 2
29 28 46 2
29 27 46 2
29 27 47 2
29 26 47 2
27 26 47 2
28 26 47 2
29 28 45 2
30 28 45 2
26 26 47 2
26 27 47 2
27 27 47 2
27 26 46 2
27 27 46 2
29 29 46 2
29 29 45 2
29 30 44 2
29 29 44 2
29 27 44 2
29 28 44 2
30 25 42 2
30 27 43 2
30 26 43 2
30 26 42 2
30 29 42 2
30 28 42 2
30 28 43 2
30 28 44 2
31 28 42 2
32 29 43 2
33 29 43 2
34 29 43 2
35 29 43 2
32 28 43 2
31 28 43 2
32 30 43 2
32 30 42 2
32 32 39 2
32 31 40 2
32 30 40 2
32 32 40 2
34 31 41 2
34 31 40 2
33 31 41 2
33 31 40 2
33 30 40 2
32 30 41 2
31 32 40 2
31 31 40 2
30 31 40 2
34 30 41 2
35 30 40 2
34 30 40 2
34 30 39 2
34 32 38 2
34 32 39 2
34 31 39 2
35 31 39 2
35 32 39 2
35 32 40 2
35 33 40 2
32 30 38 2
31 31 38 2
31 30 38 2
32 31 38 2
31 31 39 2
31 32 39 2
30 31 39 2
31 32 38 2
30 33 37 2
29 33 37 2
31 33 37 2
31 32 37 2
31 31 36 2
31 31 37 2
31 29 37 2
30 29 37 2
31 29 38 2
31 29 36 2
31 28 38 2
31 28 36 2
32 27 36 2
31 27 36 2
32 28 36 2
31 27 35 2
32 27 35 2
32 25 34 2
32 25 35 2
31 25 34 2
31 25 35 2
30 26 34 2
31 26 34 2
32 26 34 2
30 27 34 2
28 28 32 2
28 28 33 2
28 28 34 2
29 28 34 2
28 29 35 2
28 29 34 2
29 29 34 2
28 27 34 2
29 27 34 2
28 28 35 2
31 27 34 2
32 27 33 2
32 27 34 2
28 27 35 2
30 28 32 2
29 28 32 2
31 29 32 2
32 29 32 2
30 29 32 2
32 29 31 2
32 28 31 2
31 28 31 2
29 29 32 2
31 28 34 2
30 28 34 2
30 28 33 2
30 28 31 2
30 29 31 2
31 30 31 2
31 29 31 2
30 30 31 2
31 31 31 2
31 31 32 2
26 31 32 2
26 30 32 2
27 30 32 2
27 30 33 2
27 29 33 2
27 31 32 2
28 31 32 2
29 31 32 2
30 31 32 2
32 30 32 2
32 31 32 2
30 31 31 2
31 31 33 2
31 33 34 2
31 33 32 2
31 33 33 2
31 32 33 2
32 33 34 2
33 30 33 2
33 31 33 2
32 31 33 2
32 32 33 2
32 33 33 2
31 36 32 2
30 35 33 2
31 35 33 2
31 35 32 2
32 35 32 2
31 35 34 2
31 34 34 2
32 34 34 2
32 34 33 2
32 34 32 2
31 35 35 2
31 35 36 2
31 36 36 2
33 32 33 2
34 32 34 2
33 32 34 2
35 32 33 2
37 31 34 2
37 31 35 2
37 30 34 2
36 31 34 2
36 32 34 2
37 32 34 2
38 33 34 2
38 32 34 2
35 32 34 2
35 34 33 2
34 34 33 2
36 34 33 2
36 33 33 2
36 32 33 2
39 31 34 2
38 31 34 2
40 31 34 2
40 31 35 2
40 31 36 2
40 33 36 2
41 31 37 2
41 32 37 2
41 32 36 2
40 32 36 2
40 33 37 2
40 32 37 2
39 31 36 2
39 31 37 2
39 31 35 2
27 41 33 2
27 41 34 2
27 40 33 2
27 40 34 2
27 39 34 2
28 39 34 2
28 42 35 2
28 42 36 2
28 43 36 2
28 43 35 2
27 43 36 2
27 43 35 2
26 42 35 2
26 43 34 2
26 42 34 2
25 43 34 2
27 43 34 2
29 42 35 2
29 42 37 2
29 42 36 2
28 41 35 2
29 41 35 2
27 41 35 2
26 40 37 2
26 40 38 2
27 40 38 2
26 41 38 2
27 41 37 2
27 40 37 2
27 41 36 2
28 41 36 2
27 40 35 2
27 40 36 2
27 39 35 2
26 39 35 2
26 39 36 2
29 40 37 2
28 40 37 2
31 41 37 2
31 41 38 2
30 41 37 2
30 40 37 2
30 42 37 2
30 43 37 2
30 42 36 2
29 41 37 2
23 43 34 2
24 43 34 2
24 44 34 2
25 44 34 2
27 48 37 2
26 48 37 2
27 48 35 2
26 48 35 2
26 48 36 2
25 48 37 2
23 48 37 2
24 48 36 2
24 49 36 2
24 49 35 2
25 49 35 2
24 48 37 2
26 49 36 2
26 49 35 2
26 49 34 2
25 48 34 2
25 49 34 2
25 47 34 2
23 47 33 2
24 47 33 2
25 47 33 2
24 46 34 2
24 47 34 2
25 46 34 2
25 45 34 2
25 46 35 2
25 44 33 2
25 44 32 2
24 44 31 2
23 43 32 2
23 44 32 2
22 44 32 2
24 44 32 2
18 28 16 2
17 26 16 2
16 26 16 2
15 25 16 2
15 26 16 2
15 25 17 2
16 26 17 2
17 25 18 2
17 25 17 2
17 26 17 2
17 27 17 2
17 27 18 2
18 26 18 2
18 26 17 2
18 27 17 2
18 27 18 2
18 28 18 2
18 27 16 2
19 27 16 2
14 25 18 2
15 26 18 2
15 25 18 2
16 25 19 2
16 25 18 2
28 24 36 2
29 24 19 2
29 25 19 2
30 25 20 2
30 25 19 2
29 25 21 2
29 25 20 2
29 24 16 2
31 22 19 2
31 23 19 2
31 23 18 2
31 23 17 2
31 23 16 2
31 24 16 2
30 23 16 2
30 24 16 2
31 24 15 2
30 24 15 2
30 24 14 2
31 24 14 2
30 23 15 2
29 23 15 2
30 23 18 2
30 24 18 2
29 24 13 2
30 24 13 2
31 29 14 2
31 28 14 2
32 28 14 2
31 30 14 2
32 26 14 2
32 27 14 2
31 26 14 2
30 26 14 2
30 25 14 2
33 29 16 2
33 29 15 2
33 29 17 2
33 29 13 2
33 29 14 2
32 29 14 2
29 26 13 2
29 26 14 2
30 25 13 2
29 25 13 2
29 25 14 2
28 25 14 2
29 25 16 2
29 25 15 2
28 25 13 2
16 21 11 2
16 20 11 2
16 19 11 2
17 19 10 2
17 18 11 2
17 19 11 2
16 22 12 2
15 21 12 2
15 22 12 2
16 21 12 2
15 20 10 2
16 20 10 2
16 21 10 2
21 22 12 2
21 22 11 2
20 22 11 2
19 22 11 2
19 23 10 2
19 22 10 2
18 22 10 2
18 22 11 2
18 21 13 2
18 22 13 2
18 24 13 2
18 23 13 2
18 23 12 2
18 22 12 2
17 21 13 2
18 23 11 2
17 23 13 2
16 24 14 2
16 24 13 2
17 24 13 2
16 24 12 2
16 23 12 2
21 23 9 2
22 24 10 2
22 23 10 2
21 23 10 2
21 23 11 2
22 24 11 2
21 24 11 2
23 23 11 2
23 24 11 2
24 24 11 2
24 23 11 2
25 23 11 2
22 24 9 2
20 24 9 2
21 24 9 2
22 23 7 2
22 23 8 2
23 23 9 2
23 23 8 2
23 24 9 2
21 23 8 2
21 23 6 2
21 23 7 2
23 24 8 2
22 24 8 2
22 24 7 2
21 24 7 2
21 24 8 2
20 24 8 2
24 22 9 2
24 23 9 2
25 22 9 2
15 21 11 2
14 19 10 2
13 19 10 2
13 20 10 2
13 20 11 2
13 22 11 2
13 21 11 2
14 22 11 2
14 21 11 2
23 22 11 2
23 21 11 2
24 21 11 2
26 21 11 2
24 22 13 2
24 21 13 2
25 19 12 2
25 20 11 2
25 20 12 2
24 20 12 2
24 20 13 2
25 21 11 2
26 22 11 2
25 22 11 2
24 22 11 2
26 22 10 2
27 22 11 2
27 22 10 2
27 23 10 2
27 24 10 2
26 21 12 2
26 21 13 2
26 22 13 2
26 22 14 2
27 22 15 2
26 22 15 2
25 22 15 2
26 24 16 2
27 24 16 2
27 24 14 2
27 24 15 2
25 24 16 2
25 24 15 2
26 24 15 2
25 23 16 2
25 23 15 2
25 21 15 2
24 24 18 2
24 23 18 2
23 23 18 2
23 23 19 2
25 22 18 2
24 22 18 2
25 23 18 2
25 23 17 2
25 22 17 2
25 21 17 2
25 22 16 2
23 23 20 2
23 22 21 2
23 23 21 2
23 24 20 2
24 24 20 2
24 24 19 2
26 23 21 2
26 23 22 2
26 24 21 2
25 24 21 2
24 24 21 2
27 25 14 2
26 25 14 2
26 25 13 2
30 25 18 2
23 25 18 2
23 25 19 2
22 28 22 2
23 28 22 2
23 28 23 2
24 28 23 2
23 27 22 2
22 27 22 2
23 25 23 2
23 25 22 2
23 26 22 2
23 26 23 2
23 26 21 2
23 26 20 2
24 26 20 2
23 25 20 2
23 25 21 2
21 25 20 2
22 25 20 2
21 25 21 2
20 26 21 2
21 26 22 2
21 26 21 2
24 25 22 2
24 26 22 2
25 25 21 2
24 25 21 2
23 25 8 2
17 23 8 2
16 23 9 2
16 24 8 2
16 23 8 2
24 23 48 2
24 24 48 2
24 24 50 2
24 24 49 2
23 23 48 2
23 24 48 2
23 24 49 2
25 24 50 2
22 24 47 2
22 23 47 2
23 23 47 2
22 21 47 2
22 21 46 2
21 21 47 2
22 22 47 2
20 22 47 2
20 21 47 2
20 23 48 2
18 23 48 2
19 23 48 2
20 22 48 2
19 22 48 2
19 22 47 2
17 21 46 2
17 22 47 2
17 23 47 2
17 22 46 2
16 23 47 2
16 22 47 2
16 22 48 2
18 22 47 2
21 22 47 2
22 24 48 2
20 23 56 2
20 23 55 2
21 23 55 2
21 23 56 2
22 24 56 2
22 24 57 2
22 23 56 2
21 24 55 2
22 24 55 2
23 23 54 2
24 23 54 2
25 23 54 2
24 23 55 2
24 24 55 2
26 23 56 2
26 23 57 2
26 24 55 2
26 23 55 2
25 23 55 2
25 22 57 2
25 22 56 2
23 23 57 2
24 23 57 2
25 23 57 2
25 23 56 2
25 24 56 2
25 23 53 2
26 19 51 2
27 19 51 2
27 19 52 2
28 19 52 2
27 20 52 2
27 20 53 2
27 21 53 2
26 22 53 2
26 21 53 2
26 23 53 2
25 23 52 2
24 24 52 2
24 24 53 2
24 23 52 2
24 23 53 2
24 24 54 2
22 20 52 2
22 20 51 2
23 20 51 2
22 19 51 2
26 19 53 2
25 19 53 2
24 19 53 2
25 19 52 2
24 19 52 2
24 19 51 2
23 19 51 2
25 20 52 2
24 21 55 2
24 20 55 2
24 20 57 2
24 20 56 2
25 20 54 2
25 20 55 2
25 20 56 2
25 20 53 2
26 20 53 2
26 20 54 2
26 22 55 2
26 21 54 2
26 22 54 2
27 21 54 2
26 24 52 2
26 24 51 2
25 24 52 2
29 24 42 2
28 24 43 2
29 24 43 2
31 24 42 2
30 23 42 2
30 24 42 2
28 25 43 2
27 25 44 2
27 25 43 2
27 26 44 2
29 22 46 2
29 22 47 2
29 23 47 2
29 24 47 2
28 23 48 2
28 23 47 2
15 24 16 2
16 24 19 2
16 24 18 2
18 24 18 2
17 24 18 2
17 24 17 2
