26 19 12 4
26 20 11 4
26 20 12 4
27 21 11 4
26 21 11 4
27 21 12 4
27 21 13 4
27 22 13 4
27 22 14 4
28 22 15 4
27 22 15 4
26 21 15 4
26 22 15 4
27 24 16 4
28 24 16 4
28 24 14 4
28 24 15 4
26 24 16 4
26 24 15 4
27 24 15 4
26 23 16 4
26 23 15 4
26 22 18 4
26 23 18 4
26 23 17 4
26 21 17 4
26 22 17 4
26 22 16 4
30 24 16 4
32 22 19 4
32 23 19 4
32 23 18 4
32 23 17 4
32 23 16 4
32 24 16 4
31 23 16 4
31 24 16 4
32 24 15 4
31 24 15 4
31 24 14 4
32 24 14 4
31 23 15 4
30 23 15 4
31 23 18 4
31 24 18 4
30 24 13 4
31 24 13 4
32 29 14 4
32 28 14 4
33 28 14 4
32 30 14 4
33 26 14 4
33 27 14 4
32 26 14 4
31 26 14 4
31 25 14 4
34 29 16 4
34 29 15 4
34 29 17 4
34 29 13 4
34 29 14 4
33 29 14 4
30 26 13 4
30 26 14 4
31 25 13 4
30 25 13 4
30 25 14 4
29 25 14 4
30 25 16 4
30 25 15 4
29 25 13 4
28 25 14 4
27 25 14 4
27 25 13 4
30 24 19 4
30 25 19 4
31 25 20 4
31 25 19 4
30 25 21 4
30 25 20 4
31 25 18 4
24 21 11 4
25 21 11 4
25 21 13 4
25 20 12 4
25 20 13 4
25 22 13 4
33 42 23 3
33 43 23 3
34 44 23 3
33 44 23 3
34 45 23 3
32 45 23 3
33 45 23 3
34 47 23 3
33 47 23 3
33 47 22 3
34 47 22 3
32 47 23 3
32 46 23 3
34 48 22 3
34 48 28 3
36 48 28 3
35 48 28 3
35 48 27 3
36 48 29 3
35 49 28 3
35 50 28 3
34 50 29 3
34 50 27 3
34 50 28 3
33 50 28 3
33 50 27 3
32 50 27 3
32 51 27 3
32 51 29 3
32 51 28 3
32 50 28 3
31 51 29 3
31 51 28 3
31 51 27 3
31 50 29 3
31 50 28 3
31 51 26 3
30 51 26 3
32 51 26 3
31 51 25 3
33 52 28 3
33 51 28 3
35 47 25 3
35 49 25 3
35 48 25 3
35 47 26 3
35 48 26 3
35 50 26 3
35 49 26 3
34 48 26 3
32 48 27 3
33 48 27 3
34 48 27 3
32 49 27 3
34 49 26 3
33 49 25 3
33 49 26 3
32 49 26 3
31 49 27 3
30 47 26 3
30 47 27 3
30 48 27 3
30 49 27 3
30 49 28 3
30 50 28 3
29 46 27 3
30 46 27 3
32 52 29 3
34 50 30 3
35 51 22 3
36 51 22 3
36 50 22 3
36 50 21 3
36 49 21 3
36 50 23 3
35 50 23 3
36 49 23 3
36 49 22 3
35 50 24 3
34 50 24 3
34 51 24 3
35 49 22 3
35 49 23 3
35 49 24 3
34 49 22 3
33 49 24 3
33 50 24 3
33 50 23 3
33 50 22 3
27 48 28 3
26 48 28 3
26 49 28 3
28 48 28 3
25 49 28 3
25 50 28 3
28 48 29 3
27 48 29 3
28 47 29 3
28 49 27 3
28 47 27 3
28 48 27 3
29 48 27 3
29 49 27 3
29 50 29 3
29 49 29 3
29 49 28 3
27 48 27 3
33 49 23 3
32 49 23 3
31 50 30 3
31 50 31 3
31 47 29 3
31 48 31 3
31 47 31 3
31 47 30 3
32 47 30 3
31 49 31 3
30 50 31 3
32 48 30 3
30 47 30 3
29 44 30 3
29 45 29 3
29 46 29 3
29 45 30 3
28 46 30 3
28 45 30 3
28 44 30 3
29 46 30 3
29 47 30 3
29 46 31 3
30 46 32 3
28 46 32 3
29 46 32 3
30 45 31 3
30 46 31 3
28 45 31 3
27 44 30 3
26 44 31 3
26 45 31 3
27 45 31 3
24 44 27 3
23 45 26 3
24 45 26 3
23 45 27 3
24 45 27 3
24 46 27 3
25 46 27 3
25 45 27 3
22 46 25 3
23 46 25 3
23 46 26 3
24 46 25 3
25 46 26 3
24 46 26 3
21 46 20 3
21 45 20 3
21 45 21 3
22 45 21 3
22 46 21 3
22 46 23 3
22 46 22 3
22 46 24 3
23 46 20 3
23 46 21 3
24 45 21 3
23 45 21 3
22 47 20 3
23 47 20 3
22 47 19 3
21 47 18 3
21 47 19 3
23 47 18 3
23 47 19 3
23 46 19 3
21 46 23 3
23 47 17 3
23 46 17 3
22 46 18 3
21 46 18 3
22 46 17 3
24 47 17 3
24 48 18 3
24 48 17 3
25 48 17 3
25 48 18 3
26 48 17 3
23 45 18 3
23 46 18 3
24 46 18 3
24 45 18 3
24 46 20 3
24 46 19 3
25 45 28 3
26 46 29 3
27 45 29 3
26 45 29 3
25 45 29 3
27 45 30 3
27 46 31 3
27 46 32 3
27 46 33 3
26 46 32 3
26 45 33 3
26 45 32 3
23 29 37 3
23 29 38 3
21 29 37 3
21 29 38 3
22 28 38 3
21 28 38 3
21 27 37 3
21 27 38 3
22 29 38 3
21 29 36 3
23 29 36 3
22 27 35 3
22 27 36 3
22 28 36 3
23 28 36 3
24 28 36 3
25 28 36 3
26 28 36 3
26 27 37 3
26 27 36 3
27 26 36 3
28 27 36 3
27 27 36 3
28 26 36 3
26 28 37 3
25 29 37 3
25 30 36 3
25 29 36 3
25 29 34 3
25 29 35 3
22 29 35 3
22 29 34 3
23 29 34 3
24 29 34 3
23 30 34 3
24 29 35 3
24 29 36 3
22 30 33 3
22 29 33 3
21 27 34 3
22 27 34 3
22 28 34 3
23 33 35 3
23 32 35 3
23 32 34 3
22 32 34 3
23 31 35 3
23 31 34 3
22 27 33 3
22 26 33 3
21 27 33 3
21 26 33 3
20 27 32 3
19 26 32 3
20 26 32 3
21 26 32 3
20 28 27 3
19 28 28 3
19 27 30 3
19 28 30 3
19 28 29 3
19 29 30 3
20 30 28 3
20 29 28 3
20 28 28 3
20 31 28 3
21 32 28 3
20 32 28 3
20 32 27 3
19 27 28 3
20 26 30 3
19 26 30 3
19 26 31 3
20 33 28 3
21 32 27 3
18 28 30 3
22 32 28 3
22 32 26 3
22 31 26 3
23 32 26 3
23 32 27 3
23 33 28 3
23 32 28 3
17 34 24 3
17 34 25 3
17 33 24 3
17 35 24 3
17 36 24 3
18 35 25 3
18 34 25 3
18 34 24 3
17 36 27 3
17 36 26 3
17 35 28 3
17 35 27 3
16 35 28 3
18 33 28 3
18 34 28 3
18 35 28 3
16 34 28 3
18 35 27 3
19 34 27 3
19 36 27 3
19 35 27 3
18 35 26 3
16 36 25 3
16 36 26 3
15 35 26 3
15 36 26 3
16 37 26 3
16 38 26 3
12 38 22 3
12 38 21 3
12 36 21 3
12 37 21 3
13 37 21 3
13 37 22 3
13 38 21 3
14 37 20 3
15 37 21 3
14 37 21 3
14 38 22 3
14 37 22 3
15 39 20 3
14 39 20 3
14 38 20 3
10 35 23 3
11 35 23 3
11 35 24 3
10 36 21 3
10 36 22 3
10 36 23 3
11 36 23 3
10 37 22 3
10 37 20 3
10 37 21 3
9 36 22 3
11 37 21 3
11 37 20 3
10 36 18 3
11 36 18 3
11 36 19 3
10 36 19 3
10 37 19 3
10 35 19 3
11 36 20 3
11 35 21 3
11 36 21 3
11 36 22 3
11 34 21 3
12 34 20 3
12 34 21 3
9 37 18 3
10 37 18 3
13 36 19 3
12 36 19 3
12 36 20 3
14 37 19 3
13 37 19 3
13 38 19 3
13 39 19 3
12 38 20 3
12 38 19 3
13 37 23 3
12 37 23 3
11 37 23 3
15 37 23 3
14 37 23 3
14 36 23 3
16 37 23 3
11 37 24 3
11 38 24 3
11 40 23 3
11 40 24 3
11 39 24 3
10 40 24 3
10 39 24 3
12 40 23 3
12 40 22 3
12 39 22 3
13 39 23 3
13 38 24 3
13 39 24 3
13 40 23 3
13 40 22 3
14 40 22 3
13 41 22 3
13 41 21 3
14 40 23 3
12 39 21 3
14 37 24 3
13 36 25 3
13 37 25 3
13 37 24 3
15 37 25 3
14 37 25 3
15 36 25 3
14 36 25 3
14 36 24 3
13 39 25 3
13 42 21 3
13 43 19 3
13 43 20 3
13 42 20 3
12 44 20 3
12 43 20 3
12 43 19 3
12 42 19 3
13 42 19 3
12 41 20 3
12 42 20 3
13 42 22 3
13 43 22 3
19 36 26 3
18 37 26 3
17 37 26 3
18 36 26 3
18 36 25 3
18 36 27 3
19 34 28 3
22 35 28 3
21 35 28 3
21 35 29 3
21 34 29 3
21 34 28 3
20 34 28 3
21 36 28 3
20 35 29 3
22 34 28 3
24 42 33 3
24 41 33 3
24 41 34 3
22 41 30 3
22 40 30 3
23 40 30 3
22 40 31 3
21 40 31 3
22 39 31 3
22 39 32 3
22 40 32 3
23 41 32 3
22 41 32 3
22 41 31 3
24 42 31 3
24 41 31 3
24 41 32 3
24 42 32 3
24 39 31 3
23 39 31 3
24 40 30 3
24 40 31 3
24 40 33 3
23 40 34 3
23 40 33 3
23 40 32 3
23 39 32 3
22 40 33 3
22 41 33 3
25 41 33 3
25 41 34 3
25 40 34 3
26 40 34 3
24 36 32 3
24 37 32 3
24 36 31 3
24 36 30 3
23 35 30 3
23 36 30 3
24 38 32 3
24 39 32 3
22 38 32 3
23 38 32 3
23 36 28 3
23 36 29 3
23 35 29 3
23 35 28 3
23 34 28 3
19 35 28 3
20 35 28 3
23 37 29 3
23 37 27 3
21 37 27 3
22 37 28 3
22 37 27 3
23 37 28 3
20 37 27 3
20 36 26 3
20 35 26 3
21 34 27 3
21 35 25 3
22 34 25 3
22 35 25 3
21 35 26 3
21 34 26 3
22 35 26 3
22 35 27 3
19 38 26 3
19 38 25 3
19 39 25 3
19 39 26 3
19 37 26 3
22 39 26 3
21 39 26 3
20 39 26 3
20 39 27 3
19 42 25 3
20 42 24 3
20 42 25 3
21 42 25 3
22 42 25 3
22 41 24 3
22 41 23 3
22 41 25 3
22 40 25 3
23 40 26 3
22 40 26 3
17 42 14 3
16 42 14 3
16 42 13 3
17 42 15 3
16 41 13 3
17 42 16 3
17 42 17 3
16 42 16 3
15 43 16 3
15 43 15 3
16 43 16 3
17 41 18 3
17 41 17 3
17 41 19 3
16 41 18 3
16 41 20 3
16 41 19 3
16 42 19 3
17 42 19 3
16 40 18 3
15 41 14 3
15 41 13 3
14 42 13 3
14 41 13 3
15 42 16 3
15 41 15 3
15 42 15 3
15 39 15 3
15 38 15 3
15 40 15 3
16 40 15 3
16 39 15 3
17 35 17 3
17 35 16 3
16 35 16 3
17 35 18 3
17 34 18 3
16 35 17 3
17 37 17 3
17 36 17 3
16 37 19 3
16 37 18 3
17 37 18 3
16 36 18 3
16 36 17 3
17 37 19 3
16 38 17 3
17 38 17 3
17 39 18 3
17 39 17 3
17 40 18 3
17 40 17 3
16 40 17 3
16 40 16 3
17 40 16 3
15 40 16 3
16 38 18 3
16 38 19 3
14 38 11 3
14 38 12 3
14 37 11 3
15 37 12 3
14 37 12 3
14 39 12 3
15 39 13 3
15 39 12 3
17 39 11 3
16 39 11 3
16 39 12 3
15 39 14 3
16 39 14 3
22 39 19 3
22 39 20 3
22 38 19 3
20 37 18 3
21 37 18 3
22 37 18 3
22 37 19 3
23 37 19 3
20 37 19 3
19 36 19 3
19 37 19 3
20 35 19 3
19 35 19 3
21 35 19 3
21 35 20 3
21 34 20 3
22 34 21 3
22 34 20 3
22 33 15 3
22 34 15 3
21 35 15 3
21 34 16 3
20 34 16 3
20 33 16 3
21 35 16 3
20 35 16 3
22 35 16 3
22 34 16 3
21 34 17 3
22 34 17 3
26 34 16 3
25 34 16 3
24 33 16 3
25 33 16 3
23 32 17 3
23 33 17 3
24 33 17 3
22 33 17 3
26 33 14 3
25 33 14 3
25 33 15 3
26 31 13 3
26 32 13 3
26 33 13 3
27 31 13 3
24 32 17 3
22 33 18 3
21 33 18 3
22 33 19 3
21 33 19 3
21 32 19 3
22 34 19 3
22 35 21 3
21 33 20 3
21 32 15 3
21 32 14 3
22 32 14 3
23 33 14 3
22 33 14 3
18 31 17 3
18 32 17 3
19 31 17 3
19 32 17 3
19 30 17 3
18 30 17 3
18 30 16 3
19 31 16 3
19 33 15 3
19 32 15 3
19 31 15 3
19 32 16 3
18 31 16 3
20 32 16 3
20 32 15 3
20 31 15 3
21 36 20 3
20 38 19 3
20 38 20 3
19 37 20 3
20 36 21 3
20 36 20 3
20 37 20 3
18 35 20 3
19 35 20 3
19 36 20 3
18 36 21 3
19 36 21 3
17 36 21 3
17 36 20 3
18 36 20 3
17 36 19 3
19 36 22 3
19 37 22 3
20 39 22 3
20 40 22 3
19 39 22 3
20 38 22 3
21 37 22 3
20 37 22 3
19 37 21 3
21 36 21 3
22 36 21 3
21 37 21 3
21 37 20 3
22 37 21 3
22 37 22 3
20 38 21 3
20 37 21 3
21 37 23 3
23 37 25 3
23 37 24 3
22 37 24 3
22 37 25 3
23 37 23 3
22 37 23 3
24 38 25 3
23 38 25 3
23 39 24 3
23 38 24 3
24 39 24 3
25 39 25 3
25 39 24 3
25 38 25 3
22 38 25 3
21 38 24 3
21 38 25 3
20 38 25 3
21 38 26 3
21 37 24 3
24 37 26 3
24 37 25 3
24 37 24 3
20 41 27 3
19 42 27 3
20 42 27 3
20 42 26 3
20 41 26 3
19 41 27 3
19 40 27 3
19 39 27 3
18 39 27 3
19 39 28 3
14 36 12 3
15 34 14 3
15 34 13 3
14 34 14 3
14 33 14 3
15 33 12 3
15 33 13 3
15 32 12 3
17 33 12 3
17 34 12 3
16 34 12 3
15 34 12 3
15 34 11 3
16 33 13 3
16 33 14 3
14 34 12 3
12 34 12 3
13 34 12 3
16 33 12 3
14 34 11 3
14 33 11 3
15 33 11 3
15 33 10 3
14 32 11 3
14 31 12 3
14 31 11 3
14 31 9 3
14 31 10 3
14 30 10 3
15 30 10 3
15 30 7 3
15 30 8 3
15 30 9 3
15 31 10 3
15 31 11 3
15 30 6 3
16 31 6 3
15 31 6 3
14 30 8 3
14 30 6 3
14 30 7 3
14 31 6 3
13 30 8 3
13 30 7 3
14 35 12 3
14 35 11 3
15 29 6 3
15 28 5 3
15 28 6 3
14 28 6 3
13 28 6 3
13 28 7 3
13 27 6 3
13 28 8 3
12 28 8 3
12 29 8 3
13 28 5 3
13 28 4 3
13 27 8 3
12 27 7 3
13 27 7 3
13 29 8 3
12 27 6 3
11 27 6 3
12 27 8 3
11 27 8 3
9 27 7 3
10 27 7 3
11 27 7 3
12 27 9 3
13 32 11 3
13 31 11 3
12 31 11 3
13 30 11 3
14 30 11 3
15 30 11 3
15 29 11 3
14 29 10 3
14 28 10 3
14 28 11 3
14 29 11 3
14 27 12 3
15 26 11 3
16 27 11 3
16 27 12 3
17 27 11 3
15 27 11 3
15 27 12 3
15 28 11 3
15 28 12 3
15 29 12 3
15 29 13 3
16 29 12 3
16 30 12 3
16 30 13 3
16 26 10 3
16 26 11 3
16 26 12 3
16 26 13 3
14 28 8 3
14 27 8 3
14 27 9 3
15 27 9 3
15 27 8 3
16 27 8 3
20 29 8 3
20 28 9 3
20 28 8 3
20 28 10 3
19 28 7 3
19 27 8 3
19 28 8 3
19 26 8 3
20 26 8 3
20 26 9 3
18 27 7 3
19 27 7 3
18 27 8 3
18 26 8 3
17 26 8 3
16 26 8 3
16 26 9 3
16 28 8 3
16 28 9 3
17 29 9 3
16 29 9 3
16 29 10 3
28 36 39 3
28 35 39 3
29 36 39 3
30 36 39 3
30 36 40 3
27 34 38 3
26 34 38 3
26 34 39 3
26 36 38 3
26 35 38 3
27 35 38 3
27 35 39 3
26 35 39 3
26 35 40 3
28 34 38 3
27 33 39 3
26 33 39 3
27 34 39 3
28 34 39 3
27 33 38 3
27 32 38 3
25 36 36 3
26 36 36 3
26 36 37 3
25 37 38 3
25 37 37 3
25 36 37 3
25 36 35 3
24 34 35 3
25 34 35 3
25 35 35 3
23 34 35 3
23 35 35 3
27 36 36 3
27 37 36 3
28 37 37 3
28 38 37 3
29 38 37 3
30 38 38 3
30 38 39 3
30 38 37 3
28 38 36 3
28 37 36 3
27 40 36 3
28 40 36 3
27 39 36 3
29 40 35 3
29 39 36 3
29 40 36 3
28 40 35 3
27 38 35 3
27 38 36 3
25 34 36 3
25 34 37 3
25 35 37 3
30 40 38 3
30 39 38 3
31 39 38 3
31 39 37 3
32 39 41 3
32 39 40 3
32 39 39 3
31 39 39 3
31 40 37 3
31 39 40 3
31 40 36 3
30 39 36 3
30 41 36 3
30 40 36 3
32 40 37 3
34 41 37 3
33 41 37 3
33 41 38 3
32 41 37 3
32 41 38 3
35 42 37 3
36 42 37 3
34 40 36 3
35 40 36 3
35 40 38 3
35 40 37 3
35 41 37 3
28 37 38 3
35 41 33 3
35 40 33 3
36 40 33 3
37 40 33 3
38 40 33 3
35 42 33 3
36 42 35 3
36 41 35 3
36 41 34 3
35 41 34 3
35 41 35 3
35 40 35 3
37 41 34 3
37 40 34 3
37 40 35 3
36 40 35 3
37 41 35 3
37 40 37 3
37 41 37 3
37 42 37 3
37 41 36 3
36 41 36 3
36 41 37 3
38 40 36 3
38 40 37 3
38 40 35 3
38 39 36 3
38 41 36 3
38 41 38 3
38 41 37 3
39 40 36 3
39 41 36 3
39 41 37 3
39 42 37 3
40 39 36 3
40 38 36 3
40 38 37 3
39 38 37 3
39 38 36 3
39 39 36 3
40 39 37 3
39 39 37 3
39 39 38 3
39 38 38 3
39 42 36 3
40 44 37 3
39 44 37 3
39 44 36 3
39 43 36 3
38 44 36 3
38 45 36 3
38 43 35 3
38 44 35 3
38 36 34 3
38 35 35 3
38 36 35 3
38 37 35 3
38 38 34 3
38 38 35 3
38 39 35 3
37 39 35 3
36 39 35 3
36 38 34 3
36 38 35 3
33 39 36 3
33 38 36 3
34 38 36 3
34 39 36 3
34 39 37 3
34 38 37 3
31 37 37 3
30 35 36 3
30 36 36 3
30 37 36 3
30 37 37 3
30 36 37 3
29 36 36 3
24 26 48 3
24 26 47 3
25 26 48 3
25 27 48 3
25 28 47 3
25 28 48 3
26 29 47 3
25 29 47 3
25 26 47 3
25 27 49 3
24 28 49 3
25 28 49 3
25 27 50 3
22 26 50 3
23 26 50 3
24 26 50 3
25 26 50 3
25 26 51 3
25 29 50 3
25 28 50 3
27 28 50 3
26 28 50 3
26 29 50 3
26 27 50 3
25 28 51 3
24 28 51 3
23 26 52 3
23 27 52 3
24 27 52 3
23 26 53 3
24 26 55 3
23 26 55 3
23 26 54 3
22 26 55 3
24 28 52 3
23 28 53 3
24 28 53 3
24 29 51 3
24 29 52 3
24 29 50 3
24 31 52 3
24 30 52 3
25 31 53 3
26 31 53 3
25 30 53 3
25 29 53 3
26 31 52 3
26 30 52 3
25 31 51 3
25 31 52 3
28 27 48 3
28 26 48 3
29 26 47 3
28 26 47 3
29 29 46 3
29 28 46 3
29 28 47 3
29 27 47 3
27 27 47 3
28 27 47 3
29 29 45 3
30 29 45 3
26 27 47 3
26 28 47 3
27 28 47 3
27 27 46 3
27 28 46 3
29 30 46 3
29 30 45 3
29 31 44 3
29 30 44 3
29 28 44 3
29 29 44 3
30 26 42 3
30 28 43 3
30 27 43 3
30 27 42 3
30 30 42 3
30 29 42 3
30 29 43 3
30 29 44 3
31 29 42 3
32 30 43 3
33 30 43 3
34 30 43 3
35 30 43 3
32 29 43 3
31 29 43 3
32 31 43 3
32 31 42 3
32 33 39 3
32 32 40 3
32 31 40 3
32 33 40 3
34 32 41 3
34 32 40 3
33 32 41 3
33 32 40 3
33 31 40 3
32 31 41 3
31 33 40 3
31 32 40 3
30 32 40 3
34 31 41 3
35 31 40 3
34 31 40 3
34 31 39 3
34 33 38 3
34 33 39 3
34 32 39 3
35 32 39 3
35 33 39 3
35 33 40 3
35 34 40 3
32 31 38 3
31 32 38 3
31 31 38 3
32 32 38 3
31 32 39 3
31 33 39 3
30 32 39 3
31 33 38 3
30 34 37 3
29 34 37 3
31 34 37 3
31 33 37 3
31 32 36 3
31 32 37 3
31 30 37 3
30 30 37 3
31 30 38 3
31 30 36 3
31 29 38 3
31 29 36 3
32 28 36 3
31 28 36 3
32 29 36 3
31 28 35 3
32 28 35 3
32 26 34 3
32 26 35 3
31 26 34 3
31 26 35 3
30 27 34 3
31 27 34 3
32 27 34 3
30 28 34 3
28 29 32 3
28 29 33 3
28 29 34 3
29 29 34 3
28 30 35 3
28 30 34 3
29 30 34 3
28 28 34 3
29 28 34 3
28 29 35 3
31 28 34 3
32 28 33 3
32 28 34 3
28 28 35 3
30 29 32 3
29 29 32 3
31 30 32 3
32 30 32 3
30 30 32 3
32 30 31 3
32 29 31 3
31 29 31 3
29 30 32 3
31 29 34 3
30 29 34 3
30 29 33 3
30 29 31 3
30 30 31 3
31 31 31 3
31 30 31 3
30 31 31 3
31 32 31 3
31 32 32 3
26 32 32 3
26 31 32 3
27 31 32 3
27 31 33 3
27 30 33 3
27 32 32 3
28 32 32 3
29 32 32 3
30 32 32 3
32 31 32 3
32 32 32 3
30 32 31 3
31 32 33 3
31 34 34 3
31 34 32 3
31 34 33 3
31 33 33 3
32 34 34 3
33 31 33 3
33 32 33 3
32 32 33 3
32 33 33 3
32 34 33 3
31 37 32 3
30 36 33 3
31 36 33 3
31 36 32 3
32 36 32 3
31 36 34 3
31 35 34 3
32 35 34 3
32 35 33 3
32 35 32 3
31 36 35 3
31 36 36 3
31 37 36 3
33 33 33 3
34 33 34 3
33 33 34 3
37 32 34 3
37 32 35 3
37 31 34 3
36 32 34 3
36 33 34 3
37 33 34 3
38 34 34 3
38 33 34 3
35 33 33 3
35 33 34 3
35 35 33 3
34 35 33 3
36 35 33 3
36 34 33 3
36 33 33 3
39 32 34 3
38 32 34 3
40 32 34 3
40 32 35 3
40 32 36 3
41 32 37 3
41 33 37 3
41 33 36 3
40 34 36 3
40 33 36 3
40 34 37 3
40 33 37 3
39 32 36 3
39 32 37 3
39 32 35 3
27 42 33 3
27 42 34 3
27 41 33 3
27 41 34 3
27 40 34 3
28 40 34 3
28 43 35 3
28 43 36 3
28 44 36 3
28 44 35 3
27 44 36 3
27 44 35 3
26 43 35 3
26 44 34 3
26 43 34 3
25 44 34 3
27 44 34 3
29 43 35 3
29 43 37 3
29 43 36 3
28 42 35 3
29 42 35 3
27 42 35 3
26 41 37 3
26 41 38 3
27 41 38 3
26 42 38 3
27 42 37 3
27 41 37 3
27 42 36 3
28 42 36 3
27 41 35 3
27 41 36 3
27 40 35 3
26 40 35 3
26 40 36 3
29 41 37 3
28 41 37 3
31 42 37 3
31 42 38 3
30 42 37 3
30 41 37 3
30 43 37 3
30 44 37 3
30 43 36 3
29 42 37 3
23 44 34 3
24 44 34 3
24 45 34 3
25 45 34 3
27 49 37 3
26 49 37 3
27 49 35 3
26 49 35 3
26 49 36 3
25 49 37 3
24 49 36 3
24 50 36 3
24 50 35 3
25 50 35 3
23 49 37 3
24 49 37 3
26 50 36 3
26 50 35 3
26 50 34 3
25 49 34 3
25 50 34 3
25 48 34 3
23 48 33 3
24 48 33 3
25 48 33 3
24 47 34 3
24 48 34 3
25 47 34 3
25 46 34 3
25 47 35 3
25 45 33 3
25 45 32 3
23 44 32 3
23 45 32 3
22 45 32 3
24 45 31 3
24 45 32 3
18 29 16 3
17 27 16 3
16 27 16 3
15 26 16 3
15 27 16 3
15 26 17 3
16 27 17 3
17 26 18 3
17 26 17 3
17 27 17 3
17 28 17 3
17 28 18 3
18 27 18 3
18 27 17 3
18 28 17 3
18 28 18 3
18 29 18 3
18 28 16 3
19 28 16 3
15 27 18 3
14 26 18 3
15 26 18 3
16 26 19 3
16 26 18 3
28 25 36 3
16 25 14 3
16 25 13 3
21 23 12 3
21 23 11 3
20 23 11 3
19 23 11 3
19 24 10 3
19 23 10 3
18 23 10 3
18 23 11 3
18 23 13 3
18 25 13 3
18 24 13 3
18 24 12 3
18 23 12 3
18 24 11 3
17 24 13 3
17 25 13 3
16 25 12 3
16 23 12 3
15 23 12 3
16 24 12 3
21 24 9 3
22 25 10 3
22 24 10 3
21 24 10 3
21 24 11 3
22 25 11 3
21 25 11 3
23 24 11 3
23 25 11 3
24 25 11 3
24 24 11 3
25 24 11 3
22 25 9 3
20 25 9 3
21 25 9 3
22 24 7 3
22 24 8 3
23 24 9 3
23 24 8 3
23 25 9 3
21 24 8 3
21 24 6 3
21 24 7 3
23 25 8 3
22 25 8 3
22 25 7 3
21 25 7 3
21 25 8 3
20 25 8 3
24 23 9 3
24 24 9 3
25 23 9 3
23 23 11 3
26 23 11 3
25 23 11 3
24 23 11 3
26 23 10 3
27 23 11 3
27 23 10 3
27 24 10 3
27 25 10 3
23 26 8 3
16 25 8 3
16 24 9 3
17 24 8 3
16 24 8 3
24 24 48 3
24 25 48 3
24 25 50 3
24 25 49 3
23 24 48 3
23 25 48 3
23 25 49 3
25 25 50 3
22 25 47 3
22 24 47 3
23 24 47 3
22 23 47 3
20 23 47 3
20 24 48 3
18 24 48 3
19 24 48 3
20 23 48 3
19 23 48 3
19 23 47 3
17 23 47 3
17 24 47 3
17 23 46 3
16 24 47 3
16 23 47 3
16 23 48 3
18 23 47 3
21 23 47 3
22 25 48 3
20 24 56 3
20 24 55 3
21 24 55 3
21 24 56 3
22 25 56 3
22 25 57 3
22 24 56 3
21 25 55 3
22 25 55 3
23 24 54 3
24 24 54 3
25 24 54 3
24 24 55 3
24 25 55 3
26 24 56 3
26 24 57 3
26 25 55 3
26 24 55 3
25 24 55 3
23 24 57 3
24 24 57 3
25 23 57 3
25 23 56 3
25 24 57 3
25 24 56 3
25 25 56 3
25 24 53 3
26 23 53 3
26 24 53 3
25 24 52 3
24 25 52 3
24 25 53 3
24 24 52 3
24 24 53 3
24 25 54 3
26 23 55 3
26 23 54 3
26 25 52 3
26 25 51 3
25 25 52 3
30 24 42 3
31 25 42 3
29 25 42 3
28 25 43 3
29 25 43 3
30 25 42 3
28 26 43 3
27 26 44 3
27 26 43 3
27 27 44 3
29 23 46 3
29 23 47 3
29 24 47 3
29 25 47 3
28 24 48 3
28 24 47 3
15 25 16 3
16 25 19 3
16 25 18 3
18 25 18 3
17 25 18 3
17 25 17 3
16 22 11 3
16 21 11 3
16 20 11 3
17 19 11 3
17 20 10 3
17 20 11 3
15 22 12 3
16 22 12 3
15 21 10 3
16 21 10 3
16 22 10 3
15 22 11 3
14 20 10 3
13 20 10 3
13 21 10 3
13 21 11 3
13 22 11 3
14 22 11 3
13 23 11 3
14 23 11 3
18 22 13 3
17 22 13 3
22 22 47 3
22 22 46 3
21 22 47 3
20 22 47 3
17 22 46 3
26 20 51 3
27 20 51 3
27 20 52 3
28 20 52 3
27 21 52 3
27 21 53 3
27 22 53 3
26 22 53 3
22 21 52 3
22 21 51 3
23 21 51 3
22 20 51 3
26 20 53 3
25 20 53 3
24 20 53 3
25 20 52 3
24 20 52 3
24 20 51 3
23 20 51 3
25 21 52 3
24 22 55 3
24 21 55 3
24 21 57 3
24 21 56 3
25 21 54 3
25 21 55 3
25 21 56 3
25 21 53 3
26 21 53 3
26 21 54 3
26 22 54 3
27 22 54 3
24 24 18 2
24 23 18 2
23 23 18 2
23 23 19 2
24 22 18 2
23 23 20 2
23 22 21 2
23 23 21 2
23 24 20 2
24 24 20 2
24 24 19 2
24 24 21 2
22 28 22 2
23 28 22 2
23 28 23 2
24 28 23 2
23 27 22 2
22 27 22 2
23 25 23 2
23 25 22 2
23 26 22 2
23 26 23 2
23 26 21 2
23 26 20 2
24 26 20 2
23 25 18 2
23 25 19 2
23 25 20 2
23 25 21 2
21 25 20 2
22 25 20 2
21 25 21 2
21 26 22 2
20 26 21 2
21 26 21 2
24 25 22 2
24 26 22 2
24 25 21 2
26 23 21 2
26 23 22 2
26 24 21 2
25 24 21 2
25 25 21 2
16 19 36 1
16 18 36 1
16 18 37 1
16 18 35 1
16 16 36 1
16 17 36 1
16 16 35 1
16 14 36 1
16 15 36 1
23 23 32 5
22 23 33 5
21 23 33 5
22 23 32 5
21 22 33 5
21 21 33 5
21 19 33 5
20 20 33 5
21 20 32 5
20 20 32 5
21 20 33 5
20 20 35 5
20 20 34 5
21 20 36 5
20 21 36 5
20 20 36 5
20 20 37 5
20 21 37 5
20 22 37 5
22 22 32 5
22 22 33 5
22 22 34 5
22 20 35 5
22 21 35 5
22 21 34 5
23 23 39 5
22 23 38 5
23 23 38 5
22 22 37 5
22 23 37 5
21 23 37 5
20 23 37 5
19 23 37 5
20 22 33 5
20 23 33 5
19 23 32 5
20 23 32 5
20 21 33 5
20 18 38 5
20 18 37 5
20 19 38 5
20 19 37 5
21 19 38 5
20 19 36 5
19 19 36 5
18 16 36 5
19 16 36 5
18 17 36 5
19 17 35 5
19 17 36 5
19 18 36 5
18 17 37 5
19 18 37 5
18 18 38 5
18 18 37 5
22 13 38 5
22 13 37 5
22 12 37 5
21 13 38 5
21 13 37 5
20 12 37 5
21 13 35 5
21 12 35 5
20 13 36 5
20 13 35 5
20 13 37 5
21 13 36 5
21 13 34 5
22 14 34 5
22 15 34 5
22 15 33 5
21 15 34 5
21 14 34 5
22 12 34 5
21 12 34 5
22 11 34 5
22 12 33 5
22 11 33 5
23 12 34 5
23 12 33 5
20 13 34 5
22 12 36 5
22 12 35 5
23 12 36 5
20 16 37 5
20 15 37 5
20 15 35 5
20 15 36 5
20 14 35 5
20 14 33 5
20 14 34 5
21 15 37 5
21 16 37 5
19 14 35 5
20 12 33 5
20 13 33 5
21 13 33 5
21 16 38 5
19 14 36 5
19 15 36 5
18 15 36 5
24 9 34 5
24 10 34 5
23 10 34 5
22 10 34 5
23 11 37 5
23 11 36 5
22 11 37 5
22 10 37 5
22 10 38 5
20 10 36 5
20 10 35 5
20 9 36 5
21 9 36 5
22 9 36 5
22 9 37 5
22 8 37 5
23 9 37 5
23 9 36 5
22 9 35 5
21 7 35 5
20 7 35 5
20 7 36 5
20 8 35 5
20 9 35 5
21 9 35 5
21 8 35 5
23 10 35 5
23 10 36 5
26 15 33 5
27 15 33 5
26 15 34 5
27 14 34 5
27 15 34 5
27 15 36 5
27 15 35 5
26 15 35 5
24 15 34 5
24 15 35 5
25 15 35 5
23 15 36 5
23 15 35 5
23 15 34 5
27 15 32 5
29 15 32 5
28 15 32 5
29 16 32 5
30 15 32 5
30 16 32 5
30 17 32 5
31 17 31 5
30 17 31 5
31 17 33 5
31 17 32 5
31 15 32 5
32 15 32 5
29 17 33 5
29 17 32 5
27 15 31 5
26 15 31 5
27 15 30 5
26 16 33 5
28 16 33 5
28 16 34 5
27 16 33 5
26 15 32 5
26 16 32 5
27 19 35 5
26 20 35 5
27 21 35 5
27 20 35 5
27 18 35 5
28 17 35 5
28 18 35 5
29 18 35 5
27 17 34 5
28 17 34 5
28 19 34 5
28 18 34 5
28 19 32 5
28 19 31 5
28 19 33 5
29 19 33 5
32 18 34 5
32 18 33 5
31 18 33 5
32 18 32 5
31 20 32 5
31 19 32 5
32 19 32 5
29 19 34 5
29 19 35 5
30 19 34 5
28 20 34 5
30 20 34 5
29 20 34 5
31 20 33 5
30 20 33 5
31 21 32 5
33 23 34 5
32 22 34 5
32 23 34 5
32 21 34 5
32 21 35 5
32 22 32 5
32 22 33 5
32 21 32 5
31 22 33 5
31 22 32 5
31 22 31 5
32 22 31 5
32 22 30 5
32 21 31 5
33 21 29 5
33 21 28 5
34 21 29 5
36 21 28 5
36 22 28 5
35 21 27 5
35 22 27 5
36 22 27 5
34 22 28 5
35 22 28 5
35 21 28 5
34 21 28 5
32 21 29 5
32 21 30 5
32 23 30 5
34 23 26 5
35 23 26 5
35 23 25 5
35 23 27 5
35 22 25 5
36 22 26 5
35 22 26 5
41 22 30 5
40 23 29 5
40 22 29 5
40 23 28 5
39 23 28 5
41 22 29 5
41 23 29 5
41 23 28 5
38 23 28 5
38 23 27 5
37 23 26 5
37 23 27 5
38 22 27 5
38 21 26 5
38 22 26 5
39 20 26 5
39 21 26 5
38 21 25 5
37 21 25 5
36 21 25 5
37 22 26 5
37 22 25 5
36 23 25 5
37 23 25 5
37 20 25 5
37 20 26 5
37 20 27 5
37 21 24 5
36 21 23 5
37 21 23 5
37 19 23 5
37 20 23 5
37 20 22 5
40 22 22 5
40 21 20 5
39 21 21 5
40 21 21 5
40 21 22 5
40 22 21 5
38 20 21 5
38 22 21 5
38 21 21 5
39 19 21 5
39 20 21 5
38 19 21 5
38 20 22 5
39 20 22 5
39 19 22 5
39 21 22 5
38 21 22 5
39 17 22 5
39 18 22 5
40 18 22 5
41 17 23 5
40 17 23 5
40 17 22 5
41 18 23 5
40 18 23 5
40 16 22 5
40 16 23 5
41 18 21 5
40 18 21 5
39 17 20 5
39 17 21 5
39 16 21 5
40 16 21 5
39 16 20 5
40 12 18 5
40 13 18 5
40 13 17 5
41 13 18 5
41 13 17 5
43 13 18 5
43 12 18 5
43 13 17 5
43 14 17 5
43 12 17 5
42 12 18 5
41 11 18 5
41 12 18 5
42 13 19 5
42 13 18 5
42 13 17 5
43 17 19 5
43 16 19 5
42 16 17 5
42 16 18 5
42 16 19 5
43 16 17 5
44 15 17 5
43 15 17 5
41 16 19 5
42 17 19 5
42 19 19 5
42 20 19 5
42 20 20 5
42 18 19 5
43 15 15 5
42 15 16 5
41 15 16 5
42 15 15 5
42 15 17 5
42 14 17 5
40 15 16 5
39 14 16 5
39 15 16 5
39 16 16 5
39 16 18 5
39 16 17 5
36 15 21 5
36 15 22 5
36 16 22 5
36 16 18 5
36 16 19 5
36 16 20 5
36 16 21 5
37 15 21 5
35 16 20 5
35 15 20 5
35 15 21 5
36 15 20 5
35 14 20 5
37 16 20 5
37 15 20 5
37 17 18 5
37 16 18 5
37 15 18 5
37 16 19 5
38 16 18 5
36 15 17 5
37 15 17 5
38 15 20 5
40 14 20 5
39 14 21 5
39 14 20 5
39 15 20 5
39 15 21 5
40 15 20 5
42 15 21 5
41 15 21 5
40 15 21 5
41 13 21 5
41 13 22 5
40 13 21 5
42 13 21 5
40 14 22 5
40 14 21 5
39 11 22 5
38 11 22 5
37 12 22 5
38 12 22 5
39 12 22 5
40 12 22 5
40 13 22 5
19 25 37 5
20 25 37 5
19 24 37 5
19 25 36 5
19 24 36 5
21 24 37 5
20 24 37 5
20 24 36 5
31 24 30 5
32 25 30 5
32 24 30 5
41 25 29 5
41 24 29 5
40 25 29 5
40 24 29 5
41 24 28 5
41 25 28 5
43 25 27 5
42 25 27 5
41 25 27 5
37 24 27 5
36 25 27 5
36 24 27 5
35 24 28 5
35 24 27 5
37 24 28 5
37 24 25 5
36 24 25 5
36 25 25 5
37 26 25 5
38 26 26 5
39 26 26 5
37 26 26 5
36 26 26 5
36 25 26 5
36 26 25 5
34 24 26 5
34 25 26 5
