26 19 12 4
26 20 11 4
26 20 12 4
27 21 11 4
26 21 11 4
27 21 12 4
27 21 13 4
27 22 13 4
27 22 14 4
28 22 15 4
27 22 15 4
26 21 15 4
26 22 15 4
27 24 16 4
28 24 16 4
28 24 14 4
28 24 15 4
26 24 16 4
26 24 15 4
27 24 15 4
26 23 16 4
26 23 15 4
26 22 18 4
26 23 18 4
26 23 17 4
26 21 17 4
26 22 17 4
26 22 16 4
30 24 16 4
32 22 19 4
32 23 19 4
32 23 18 4
32 23 17 4
32 23 16 4
32 24 16 4
31 23 16 4
31 24 16 4
32 24 15 4
31 24 15 4
31 24 14 4
32 24 14 4
31 23 15 4
30 23 15 4
31 23 18 4
31 24 18 4
30 24 13 4
31 24 13 4
32 29 14 4
32 28 14 4
33 28 14 4
32 30 14 4
33 26 14 4
33 27 14 4
32 26 14 4
31 26 14 4
31 25 14 4
34 29 16 4
34 29 15 4
34 29 17 4
34 29 13 4
34 29 14 4
33 29 14 4
30 26 13 4
30 26 14 4
31 25 13 4
30 25 13 4
30 25 14 4
29 25 14 4
30 25 16 4
30 25 15 4
29 25 13 4
28 25 14 4
27 25 14 4
27 25 13 4
30 24 19 4
30 25 19 4
31 25 20 4
31 25 19 4
30 25 21 4
30 25 20 4
31 25 18 4
24 21 11 4
25 21 11 4
25 21 13 4
25 20 12 4
25 20 13 4
25 22 13 4
33 43 23 6
33 44 23 6
34 45 23 6
33 45 23 6
34 46 23 6
32 46 23 6
33 46 23 6
34 48 23 6
33 48 23 6
33 48 22 6
34 48 22 6
32 48 23 6
32 47 23 6
34 49 22 6
34 49 28 6
36 49 28 6
35 49 28 6
35 49 27 6
36 49 29 6
35 50 28 6
35 51 28 6
34 51 27 6
34 51 29 6
34 51 28 6
33 51 28 6
33 51 27 6
32 51 27 6
32 52 27 6
32 52 29 6
32 52 28 6
32 51 28 6
31 52 29 6
31 52 28 6
31 52 27 6
31 51 29 6
31 51 28 6
31 52 26 6
30 52 26 6
32 52 26 6
31 52 25 6
33 53 28 6
33 52 28 6
35 48 25 6
35 50 25 6
35 49 25 6
35 48 26 6
35 49 26 6
35 51 26 6
35 50 26 6
34 49 26 6
32 49 27 6
33 49 27 6
34 49 27 6
32 50 27 6
34 50 26 6
33 50 25 6
33 50 26 6
32 50 26 6
31 50 27 6
30 48 26 6
30 48 27 6
30 49 27 6
30 50 27 6
30 50 28 6
30 51 28 6
29 47 27 6
30 47 27 6
32 53 29 6
34 51 30 6
35 52 22 6
36 52 22 6
36 51 22 6
36 51 21 6
36 50 21 6
36 51 23 6
35 51 23 6
36 50 23 6
36 50 22 6
35 51 24 6
34 51 24 6
34 52 24 6
35 50 22 6
35 50 23 6
35 50 24 6
34 50 22 6
33 50 24 6
33 51 24 6
33 51 23 6
33 51 22 6
27 49 28 6
26 49 28 6
26 50 28 6
28 49 28 6
25 50 28 6
25 51 28 6
28 49 29 6
27 49 29 6
28 48 29 6
28 48 27 6
28 50 27 6
28 49 27 6
29 49 27 6
29 50 27 6
29 51 29 6
29 50 29 6
29 50 28 6
27 49 27 6
33 50 23 6
32 50 23 6
31 51 30 6
31 51 31 6
31 48 29 6
31 49 31 6
31 48 31 6
31 48 30 6
32 48 30 6
31 50 31 6
30 51 31 6
32 49 30 6
30 48 30 6
29 45 30 6
29 46 29 6
29 47 29 6
29 46 30 6
28 47 30 6
28 46 30 6
28 45 30 6
29 47 30 6
29 48 30 6
29 47 31 6
28 47 32 6
30 47 32 6
29 47 32 6
30 46 31 6
30 47 31 6
28 46 31 6
27 45 30 6
26 45 31 6
26 46 31 6
27 46 31 6
24 45 27 6
23 46 26 6
24 46 26 6
23 46 27 6
24 46 27 6
24 47 27 6
25 47 27 6
25 46 27 6
22 47 25 6
23 47 25 6
23 47 26 6
24 47 25 6
25 47 26 6
24 47 26 6
21 47 20 6
21 46 20 6
21 46 21 6
22 46 21 6
22 47 21 6
22 47 23 6
22 47 22 6
22 47 24 6
23 47 20 6
23 47 21 6
24 46 21 6
23 46 21 6
22 48 20 6
23 48 20 6
22 48 19 6
21 48 18 6
21 48 19 6
23 48 18 6
23 48 19 6
23 47 19 6
21 47 23 6
23 48 17 6
23 47 17 6
22 47 18 6
21 47 18 6
22 47 17 6
24 48 17 6
24 49 18 6
24 49 17 6
25 49 17 6
25 49 18 6
26 49 17 6
23 46 18 6
23 47 18 6
24 47 18 6
24 46 18 6
24 47 20 6
24 47 19 6
25 46 28 6
26 47 29 6
27 46 29 6
26 46 29 6
25 46 29 6
27 46 30 6
27 47 31 6
27 47 32 6
27 47 33 6
26 47 32 6
26 46 33 6
26 46 32 6
23 30 37 6
23 30 38 6
21 30 37 6
21 30 38 6
22 29 38 6
21 29 38 6
21 28 37 6
21 28 38 6
22 30 38 6
21 30 36 6
23 30 36 6
22 28 35 6
22 28 36 6
22 29 36 6
23 29 36 6
24 29 36 6
25 29 36 6
26 29 36 6
26 28 37 6
26 28 36 6
28 28 36 6
27 27 36 6
27 28 36 6
28 27 36 6
26 29 37 6
25 31 36 6
25 30 37 6
25 30 36 6
25 30 34 6
25 30 35 6
22 30 35 6
22 30 34 6
23 30 34 6
24 30 34 6
23 31 34 6
24 30 35 6
24 30 36 6
22 31 33 6
22 30 33 6
21 28 34 6
22 28 34 6
22 29 34 6
23 34 35 6
23 33 35 6
23 33 34 6
22 33 34 6
23 32 35 6
23 32 34 6
22 28 33 6
22 27 33 6
21 28 33 6
21 27 33 6
20 28 32 6
19 27 32 6
20 27 32 6
21 27 32 6
20 29 27 6
20 31 28 6
20 30 28 6
19 29 28 6
19 28 30 6
19 29 30 6
19 29 29 6
19 30 30 6
20 29 28 6
20 32 28 6
21 33 28 6
20 33 28 6
20 33 27 6
19 28 28 6
20 27 30 6
19 27 30 6
19 27 31 6
20 34 28 6
21 33 27 6
18 29 30 6
22 33 28 6
23 34 28 6
22 33 26 6
22 32 26 6
23 33 26 6
23 33 27 6
23 33 28 6
22 36 28 6
21 36 28 6
21 36 29 6
21 35 29 6
21 35 28 6
17 35 24 6
17 35 25 6
17 34 24 6
17 36 24 6
17 37 24 6
18 36 25 6
18 35 25 6
18 35 24 6
17 37 27 6
17 37 26 6
17 36 28 6
17 36 27 6
16 36 28 6
18 34 28 6
18 35 28 6
18 36 28 6
16 35 28 6
18 36 27 6
19 37 27 6
19 35 27 6
19 36 27 6
18 36 26 6
16 37 25 6
16 37 26 6
15 36 26 6
15 37 26 6
16 38 26 6
16 39 26 6
12 39 22 6
12 39 21 6
12 37 21 6
12 38 21 6
13 38 21 6
13 38 22 6
13 39 21 6
15 38 21 6
14 38 20 6
14 38 21 6
14 39 22 6
14 38 22 6
15 40 20 6
14 40 20 6
14 39 20 6
10 36 23 6
11 36 23 6
11 36 24 6
10 37 21 6
10 37 22 6
10 37 23 6
11 37 23 6
10 38 22 6
10 38 20 6
10 38 21 6
9 37 22 6
11 38 21 6
11 38 20 6
10 37 18 6
11 37 18 6
11 37 19 6
10 37 19 6
10 38 19 6
10 36 19 6
11 37 20 6
11 36 21 6
11 37 21 6
11 37 22 6
11 35 21 6
12 35 20 6
12 35 21 6
9 38 18 6
10 38 18 6
13 37 19 6
12 37 19 6
12 37 20 6
14 38 19 6
13 38 19 6
13 39 19 6
13 40 19 6
12 39 20 6
12 39 19 6
13 38 23 6
12 38 23 6
11 38 23 6
15 38 23 6
14 38 23 6
14 37 23 6
16 38 23 6
11 38 24 6
11 39 24 6
11 41 23 6
11 41 24 6
11 40 24 6
10 41 24 6
10 40 24 6
12 41 23 6
12 41 22 6
12 40 22 6
13 40 23 6
13 39 24 6
13 40 24 6
13 41 23 6
13 41 22 6
14 41 22 6
13 42 22 6
13 42 21 6
14 41 23 6
12 40 21 6
14 38 24 6
13 37 25 6
13 38 25 6
13 38 24 6
15 38 25 6
14 38 25 6
15 37 25 6
14 37 25 6
14 37 24 6
13 40 25 6
13 43 21 6
13 44 19 6
13 44 20 6
13 43 20 6
12 45 20 6
12 44 20 6
12 44 19 6
12 43 19 6
13 43 19 6
12 42 20 6
12 43 20 6
13 43 22 6
13 44 22 6
19 37 26 6
18 38 26 6
17 38 26 6
18 37 26 6
18 37 25 6
18 37 27 6
19 35 28 6
20 35 28 6
21 37 28 6
20 36 29 6
22 35 28 6
24 43 33 6
24 42 33 6
24 42 34 6
24 43 31 6
24 42 31 6
22 42 30 6
22 41 30 6
23 41 30 6
22 41 31 6
21 41 31 6
22 40 31 6
22 40 32 6
22 41 32 6
23 42 32 6
22 42 32 6
22 42 31 6
24 42 32 6
24 43 32 6
24 40 31 6
23 40 31 6
24 41 30 6
24 41 31 6
24 41 33 6
23 41 34 6
23 41 33 6
23 41 32 6
23 40 32 6
22 41 33 6
22 42 33 6
25 42 33 6
25 42 34 6
25 41 34 6
26 41 34 6
24 37 32 6
24 38 32 6
24 37 31 6
24 37 30 6
23 36 30 6
23 37 30 6
24 39 32 6
24 40 32 6
22 39 32 6
23 39 32 6
23 37 28 6
23 37 29 6
23 36 29 6
23 36 28 6
23 35 28 6
19 36 28 6
20 36 28 6
23 38 29 6
23 38 27 6
22 38 28 6
21 38 27 6
22 38 27 6
23 38 28 6
20 38 27 6
20 37 26 6
20 36 26 6
21 35 27 6
21 36 25 6
22 35 25 6
22 36 25 6
21 36 26 6
21 35 26 6
22 36 26 6
22 36 27 6
19 39 26 6
19 39 25 6
19 40 25 6
19 40 26 6
19 38 26 6
22 40 26 6
21 40 26 6
20 40 26 6
20 40 27 6
23 41 26 6
19 43 25 6
20 43 24 6
20 43 25 6
21 43 25 6
22 43 25 6
22 42 24 6
22 42 23 6
22 42 25 6
22 41 25 6
22 41 26 6
17 43 14 6
16 43 14 6
16 43 13 6
17 43 15 6
16 42 13 6
17 43 16 6
17 43 17 6
16 43 16 6
15 44 16 6
15 44 15 6
16 44 16 6
17 42 18 6
17 42 17 6
17 42 19 6
16 42 18 6
16 42 20 6
16 42 19 6
16 43 19 6
17 43 19 6
16 41 18 6
15 42 14 6
15 42 13 6
14 43 13 6
14 42 13 6
15 43 16 6
15 42 15 6
15 43 15 6
15 40 15 6
15 39 15 6
15 41 15 6
16 41 15 6
16 40 15 6
17 36 17 6
17 36 16 6
16 36 16 6
17 36 18 6
17 35 18 6
16 36 17 6
17 38 17 6
17 37 17 6
16 38 19 6
16 38 18 6
17 38 18 6
16 37 18 6
16 37 17 6
17 38 19 6
16 39 17 6
17 39 17 6
17 40 18 6
17 40 17 6
17 41 18 6
17 41 17 6
16 41 17 6
16 41 16 6
17 41 16 6
15 41 16 6
16 39 18 6
16 39 19 6
14 39 11 6
14 39 12 6
14 38 11 6
15 38 12 6
14 38 12 6
14 40 12 6
15 40 13 6
15 40 12 6
17 40 11 6
16 40 11 6
16 40 12 6
15 40 14 6
16 40 14 6
22 40 19 6
22 40 20 6
22 39 19 6
20 38 18 6
21 38 18 6
22 38 18 6
22 38 19 6
23 38 19 6
20 38 19 6
19 37 19 6
19 38 19 6
20 36 19 6
19 36 19 6
21 36 19 6
21 36 20 6
21 35 20 6
22 35 21 6
22 35 20 6
22 34 15 6
22 35 15 6
21 36 15 6
21 35 16 6
20 35 16 6
20 34 16 6
21 36 16 6
20 36 16 6
22 36 16 6
22 35 16 6
21 35 17 6
22 35 17 6
26 35 16 6
25 35 16 6
24 34 16 6
25 34 16 6
23 33 17 6
23 34 17 6
24 34 17 6
22 34 17 6
26 34 14 6
25 34 14 6
25 34 15 6
26 32 13 6
26 33 13 6
26 34 13 6
27 32 13 6
24 33 17 6
22 34 18 6
21 34 18 6
22 34 19 6
21 34 19 6
21 33 19 6
22 35 19 6
22 36 21 6
21 34 20 6
23 34 14 6
21 33 15 6
21 33 14 6
22 33 14 6
22 34 14 6
18 32 17 6
18 33 17 6
19 32 17 6
19 33 17 6
19 31 17 6
18 31 17 6
18 31 16 6
19 32 16 6
19 34 15 6
19 33 15 6
19 32 15 6
19 33 16 6
18 32 16 6
20 33 16 6
20 33 15 6
20 32 15 6
21 37 20 6
20 39 19 6
20 39 20 6
19 38 20 6
20 37 21 6
20 37 20 6
20 38 20 6
18 36 20 6
19 36 20 6
19 37 20 6
18 37 21 6
19 37 21 6
17 37 21 6
17 37 20 6
18 37 20 6
17 37 19 6
19 37 22 6
19 38 22 6
21 38 22 6
20 40 22 6
20 41 22 6
19 40 22 6
20 39 22 6
20 38 22 6
19 38 21 6
21 37 21 6
22 37 21 6
21 38 21 6
21 38 20 6
22 38 21 6
22 38 22 6
20 39 21 6
20 38 21 6
21 38 23 6
23 38 25 6
23 38 24 6
22 38 24 6
22 38 25 6
23 38 23 6
22 38 23 6
24 39 25 6
23 39 25 6
23 40 24 6
23 39 24 6
24 40 24 6
25 40 25 6
25 40 24 6
25 39 25 6
22 39 25 6
21 39 24 6
21 39 25 6
20 39 25 6
21 39 26 6
21 38 24 6
24 38 26 6
24 38 25 6
24 38 24 6
20 42 27 6
19 43 27 6
20 43 27 6
20 43 26 6
20 42 26 6
19 42 27 6
19 41 27 6
19 40 27 6
18 40 27 6
19 40 28 6
14 37 12 6
15 35 14 6
15 35 13 6
14 35 14 6
14 34 14 6
15 34 12 6
15 34 13 6
15 33 12 6
17 34 12 6
17 35 12 6
16 35 12 6
15 35 12 6
15 35 11 6
16 34 13 6
16 34 14 6
14 35 12 6
12 35 12 6
13 35 12 6
16 34 12 6
14 35 11 6
14 34 11 6
15 34 11 6
15 34 10 6
14 33 11 6
14 32 12 6
14 32 11 6
14 32 9 6
14 32 10 6
14 31 10 6
15 31 10 6
15 31 7 6
15 31 8 6
15 31 9 6
15 32 10 6
15 32 11 6
15 31 6 6
16 32 6 6
15 32 6 6
14 31 8 6
14 31 6 6
14 31 7 6
14 32 6 6
13 31 8 6
13 31 7 6
14 36 12 6
14 36 11 6
15 30 6 6
15 29 5 6
15 29 6 6
14 29 6 6
13 29 6 6
13 29 7 6
13 28 6 6
13 29 8 6
12 29 8 6
12 30 8 6
13 29 5 6
13 29 4 6
13 28 8 6
12 28 7 6
13 28 7 6
13 30 8 6
12 28 6 6
11 28 6 6
12 28 8 6
11 28 8 6
9 28 7 6
10 28 7 6
11 28 7 6
12 28 9 6
13 33 11 6
13 32 11 6
12 32 11 6
13 31 11 6
14 31 11 6
15 31 11 6
15 30 11 6
14 30 10 6
14 29 10 6
14 29 11 6
14 30 11 6
14 28 12 6
15 27 11 6
16 28 11 6
16 28 12 6
17 28 11 6
15 28 11 6
15 28 12 6
15 29 11 6
15 29 12 6
15 30 12 6
15 30 13 6
16 30 12 6
16 31 12 6
16 31 13 6
16 27 10 6
16 27 11 6
16 27 12 6
16 27 13 6
14 29 8 6
14 28 8 6
14 28 9 6
15 28 9 6
15 28 8 6
16 28 8 6
20 30 8 6
20 29 9 6
20 29 8 6
20 29 10 6
19 28 8 6
19 29 7 6
19 29 8 6
19 27 8 6
20 27 8 6
20 27 9 6
18 28 7 6
19 28 7 6
18 28 8 6
18 27 8 6
17 27 8 6
16 27 8 6
16 27 9 6
16 29 8 6
16 29 9 6
17 30 9 6
16 30 9 6
16 30 10 6
28 37 39 6
28 36 39 6
29 37 39 6
30 37 39 6
30 37 40 6
27 35 38 6
26 35 38 6
26 35 39 6
26 37 38 6
26 36 38 6
27 36 38 6
27 36 39 6
26 36 39 6
26 36 40 6
28 35 38 6
27 34 39 6
26 34 39 6
27 35 39 6
28 35 39 6
27 34 38 6
27 33 38 6
25 37 36 6
26 37 36 6
26 37 37 6
25 38 38 6
25 38 37 6
25 37 37 6
25 37 35 6
24 35 35 6
25 35 35 6
25 36 35 6
23 35 35 6
23 36 35 6
27 37 36 6
27 38 36 6
28 38 37 6
28 39 37 6
29 39 37 6
30 39 38 6
30 39 39 6
30 39 37 6
28 39 36 6
28 38 36 6
27 39 35 6
27 41 36 6
28 41 36 6
27 40 36 6
29 40 36 6
29 41 35 6
29 41 36 6
28 41 35 6
27 39 36 6
25 35 36 6
25 35 37 6
25 36 37 6
30 41 38 6
30 40 38 6
31 40 38 6
31 40 37 6
32 40 41 6
32 40 40 6
32 40 39 6
31 40 39 6
31 41 37 6
31 40 40 6
31 41 36 6
30 40 36 6
30 42 36 6
30 41 36 6
32 41 37 6
34 42 37 6
33 42 37 6
33 42 38 6
32 42 37 6
32 42 38 6
34 41 36 6
35 41 36 6
35 41 38 6
35 41 37 6
35 43 37 6
36 43 37 6
35 42 37 6
28 38 38 6
35 42 33 6
35 41 33 6
36 41 33 6
37 41 33 6
38 41 33 6
35 43 33 6
36 43 35 6
36 42 35 6
36 42 34 6
35 42 34 6
35 42 35 6
35 41 35 6
37 42 34 6
37 41 34 6
37 41 35 6
36 41 35 6
37 42 35 6
37 41 37 6
37 42 37 6
37 43 37 6
37 42 36 6
36 42 36 6
36 42 37 6
38 41 36 6
38 41 37 6
38 41 35 6
38 40 36 6
38 42 36 6
38 42 38 6
38 42 37 6
39 41 36 6
39 42 36 6
39 42 37 6
39 43 37 6
40 40 36 6
40 39 36 6
40 39 37 6
39 39 37 6
39 39 36 6
39 40 36 6
40 40 37 6
39 40 37 6
39 40 38 6
39 39 38 6
39 43 36 6
40 45 37 6
39 45 37 6
39 45 36 6
39 44 36 6
38 45 36 6
38 46 36 6
38 44 35 6
38 45 35 6
38 37 34 6
38 36 35 6
38 37 35 6
38 38 35 6
38 39 34 6
38 39 35 6
38 40 35 6
37 40 35 6
36 40 35 6
36 39 34 6
36 39 35 6
33 40 36 6
33 39 36 6
34 39 36 6
34 40 36 6
34 40 37 6
34 39 37 6
30 36 36 6
30 37 36 6
30 38 36 6
31 38 37 6
30 38 37 6
30 37 37 6
29 37 36 6
24 27 48 6
24 27 47 6
25 27 48 6
25 28 48 6
25 29 47 6
25 29 48 6
26 30 47 6
25 30 47 6
25 27 47 6
25 28 49 6
24 29 49 6
25 29 49 6
25 28 50 6
22 27 50 6
23 27 50 6
24 27 50 6
25 27 50 6
25 27 51 6
25 30 50 6
25 29 50 6
27 29 50 6
26 29 50 6
26 30 50 6
26 28 50 6
25 29 51 6
24 29 51 6
23 27 52 6
23 28 52 6
24 28 52 6
23 27 53 6
24 27 55 6
23 27 55 6
23 27 54 6
22 27 55 6
24 29 52 6
23 29 53 6
24 29 53 6
24 30 51 6
24 30 52 6
24 30 50 6
24 32 52 6
24 31 52 6
25 32 51 6
25 32 53 6
26 32 53 6
25 31 53 6
25 30 53 6
26 32 52 6
26 31 52 6
25 32 52 6
28 28 48 6
28 27 48 6
29 27 47 6
28 27 47 6
29 30 46 6
29 29 46 6
29 29 47 6
29 28 47 6
27 28 47 6
28 28 47 6
29 30 45 6
30 30 45 6
26 28 47 6
26 29 47 6
27 29 47 6
27 28 46 6
27 29 46 6
29 31 46 6
29 31 45 6
29 32 44 6
29 31 44 6
29 29 44 6
29 30 44 6
30 27 42 6
30 29 43 6
30 28 43 6
30 28 42 6
30 31 42 6
30 30 42 6
30 30 43 6
30 30 44 6
31 30 42 6
32 31 43 6
33 31 43 6
34 31 43 6
35 31 43 6
32 30 43 6
31 30 43 6
32 32 43 6
32 32 42 6
32 34 39 6
32 33 40 6
32 32 40 6
32 34 40 6
34 33 41 6
34 33 40 6
33 33 41 6
33 33 40 6
33 32 40 6
32 32 41 6
31 34 40 6
31 33 40 6
30 33 40 6
34 32 41 6
35 32 40 6
34 32 40 6
34 32 39 6
34 34 38 6
34 34 39 6
34 33 39 6
35 33 39 6
35 34 39 6
35 34 40 6
35 35 40 6
32 32 38 6
31 33 38 6
31 32 38 6
32 33 38 6
31 33 39 6
31 34 39 6
30 33 39 6
31 34 38 6
30 35 37 6
29 35 37 6
31 35 37 6
31 34 37 6
31 33 36 6
31 33 37 6
31 31 37 6
30 31 37 6
31 31 38 6
31 31 36 6
31 30 38 6
31 30 36 6
32 29 36 6
31 29 36 6
32 30 36 6
31 29 35 6
32 29 35 6
32 27 34 6
32 27 35 6
31 27 34 6
31 27 35 6
30 28 34 6
31 28 34 6
32 28 34 6
30 29 34 6
28 30 32 6
28 30 33 6
28 30 34 6
29 30 34 6
28 31 35 6
28 31 34 6
29 31 34 6
28 29 34 6
29 29 34 6
28 30 35 6
31 29 34 6
32 29 33 6
32 29 34 6
28 29 35 6
30 30 32 6
29 30 32 6
31 31 32 6
32 31 32 6
30 31 32 6
32 31 31 6
32 30 31 6
31 30 31 6
29 31 32 6
31 30 34 6
30 30 34 6
30 30 33 6
30 30 31 6
30 31 31 6
31 32 31 6
31 31 31 6
30 32 31 6
31 33 31 6
31 33 32 6
26 33 32 6
26 32 32 6
27 32 32 6
27 32 33 6
27 31 33 6
27 33 32 6
28 33 32 6
29 33 32 6
30 33 32 6
32 32 32 6
32 33 32 6
30 33 31 6
31 33 33 6
31 35 34 6
31 35 32 6
31 35 33 6
31 34 33 6
32 35 34 6
33 32 33 6
33 33 33 6
32 33 33 6
32 34 33 6
32 35 33 6
31 38 32 6
30 37 33 6
31 37 33 6
31 37 32 6
32 37 32 6
31 37 34 6
31 36 34 6
32 36 34 6
32 36 33 6
32 36 32 6
31 37 35 6
31 37 36 6
31 38 36 6
33 34 33 6
34 34 34 6
33 34 34 6
35 34 33 6
37 33 34 6
37 33 35 6
37 32 34 6
36 33 34 6
36 34 34 6
37 34 34 6
38 35 34 6
38 34 34 6
35 34 34 6
35 36 33 6
34 36 33 6
36 36 33 6
36 35 33 6
36 34 33 6
39 33 34 6
38 33 34 6
40 33 34 6
40 33 35 6
40 33 36 6
40 35 36 6
41 33 37 6
41 34 37 6
41 34 36 6
40 34 36 6
40 35 37 6
40 34 37 6
39 33 36 6
39 33 37 6
39 33 35 6
27 43 33 6
27 43 34 6
27 42 33 6
27 42 34 6
27 41 34 6
28 41 34 6
28 44 35 6
28 44 36 6
28 45 36 6
28 45 35 6
27 45 36 6
27 45 35 6
26 44 35 6
26 45 34 6
26 44 34 6
25 45 34 6
27 45 34 6
29 44 35 6
29 44 37 6
29 44 36 6
28 43 35 6
29 43 35 6
27 43 35 6
26 42 37 6
26 42 38 6
27 42 38 6
26 43 38 6
27 43 37 6
27 42 37 6
27 43 36 6
28 43 36 6
27 42 35 6
27 42 36 6
27 41 35 6
26 41 35 6
26 41 36 6
29 42 37 6
28 42 37 6
31 43 37 6
31 43 38 6
30 43 37 6
30 42 37 6
30 44 37 6
30 45 37 6
30 44 36 6
29 43 37 6
23 45 34 6
24 45 34 6
24 46 34 6
25 46 34 6
27 50 37 6
26 50 37 6
27 50 35 6
26 50 35 6
26 50 36 6
25 50 37 6
23 50 37 6
24 50 36 6
24 51 36 6
24 51 35 6
25 51 35 6
24 50 37 6
26 51 36 6
26 51 35 6
26 51 34 6
25 50 34 6
25 51 34 6
25 49 34 6
23 49 33 6
24 49 33 6
25 49 33 6
24 48 34 6
24 49 34 6
25 48 34 6
25 47 34 6
25 48 35 6
25 46 33 6
25 46 32 6
24 46 31 6
23 45 32 6
23 46 32 6
22 46 32 6
24 46 32 6
18 30 16 6
17 28 16 6
16 28 16 6
15 27 16 6
15 28 16 6
15 27 17 6
16 28 17 6
17 27 18 6
17 27 17 6
17 28 17 6
17 29 17 6
17 29 18 6
18 28 18 6
18 28 17 6
18 29 17 6
18 29 18 6
18 30 18 6
18 29 16 6
19 29 16 6
14 27 18 6
15 28 18 6
15 27 18 6
16 27 19 6
16 27 18 6
28 26 36 6
16 26 14 6
16 26 13 6
18 26 13 6
17 26 13 6
16 26 12 6
20 26 9 6
22 26 10 6
22 26 11 6
21 26 11 6
23 26 11 6
24 26 11 6
22 26 9 6
21 26 9 6
23 26 9 6
23 26 8 6
22 26 8 6
22 26 7 6
21 26 7 6
21 26 8 6
20 26 8 6
23 27 8 6
16 26 8 6
24 26 48 6
24 26 50 6
24 26 49 6
23 26 48 6
23 26 49 6
25 26 50 6
22 26 47 6
22 26 48 6
21 26 55 6
22 26 56 6
22 26 57 6
22 26 55 6
24 26 55 6
24 26 52 6
24 26 53 6
24 26 54 6
26 26 52 6
26 26 51 6
25 26 52 6
29 26 42 6
28 26 43 6
29 26 43 6
31 26 42 6
30 26 42 6
28 27 43 6
27 27 44 6
27 27 43 6
27 28 44 6
29 26 47 6
15 26 16 6
16 26 19 6
16 26 18 6
18 26 18 6
17 26 18 6
17 26 17 6
21 24 12 6
21 24 11 6
20 24 11 6
19 24 11 6
19 25 10 6
19 24 10 6
18 24 10 6
18 24 11 6
18 24 13 6
18 25 13 6
18 25 12 6
18 24 12 6
18 25 11 6
17 25 13 6
21 25 9 6
22 25 10 6
21 25 10 6
21 25 11 6
22 25 7 6
22 25 8 6
23 25 9 6
23 25 8 6
21 25 8 6
21 25 6 6
21 25 7 6
24 24 9 6
24 25 9 6
25 24 9 6
18 23 13 6
17 23 13 6
16 24 12 6
15 24 12 6
16 25 12 6
15 23 12 6
16 23 11 6
16 22 11 6
16 21 11 6
17 21 10 6
17 20 11 6
17 21 11 6
16 23 12 6
15 22 10 6
16 22 10 6
16 23 10 6
15 23 11 6
14 21 10 6
13 21 10 6
13 22 10 6
13 22 11 6
13 23 11 6
14 23 11 6
13 24 11 6
14 24 11 6
23 25 11 6
24 25 11 6
25 25 11 6
23 24 11 6
26 24 11 6
25 24 11 6
24 24 11 6
26 24 10 6
27 24 11 6
27 24 10 6
27 25 10 6
27 26 10 6
16 25 9 6
17 25 8 6
16 25 8 6
24 25 48 6
23 25 48 6
22 25 47 6
23 25 47 6
22 24 47 6
20 24 47 6
20 25 48 6
18 25 48 6
19 25 48 6
20 24 48 6
19 24 48 6
19 24 47 6
17 24 47 6
17 25 47 6
17 24 46 6
16 25 47 6
16 24 47 6
16 24 48 6
18 24 47 6
21 24 47 6
22 23 47 6
22 23 46 6
21 23 47 6
20 23 47 6
17 23 46 6
20 25 56 6
20 25 55 6
21 25 55 6
21 25 56 6
22 25 56 6
30 25 42 6
29 24 46 6
29 24 47 6
29 25 47 6
28 25 48 6
28 25 47 6
24 24 18 2
24 23 18 2
23 23 18 2
23 23 19 2
24 22 18 2
23 23 20 2
23 22 21 2
23 23 21 2
23 24 20 2
24 24 20 2
24 24 19 2
24 24 21 2
22 28 22 2
23 28 22 2
23 28 23 2
24 28 23 2
23 27 22 2
22 27 22 2
23 25 23 2
23 25 22 2
23 26 22 2
23 26 23 2
23 26 21 2
23 26 20 2
24 26 20 2
23 25 18 2
23 25 19 2
23 25 20 2
23 25 21 2
21 25 20 2
22 25 20 2
21 25 21 2
21 26 22 2
20 26 21 2
21 26 21 2
24 25 22 2
24 26 22 2
24 25 21 2
26 23 21 2
26 23 22 2
26 24 21 2
25 24 21 2
25 25 21 2
16 19 36 1
16 18 36 1
16 18 37 1
16 18 35 1
16 16 36 1
16 17 36 1
16 16 35 1
16 14 36 1
16 15 36 1
23 24 54 3
24 24 54 3
25 24 54 3
24 24 55 3
26 24 56 3
26 24 57 3
26 24 55 3
25 24 55 3
25 23 57 3
25 23 56 3
23 24 57 3
24 24 57 3
25 24 57 3
25 24 56 3
25 24 53 3
26 23 53 3
26 24 53 3
25 24 52 3
24 24 52 3
24 24 53 3
26 23 55 3
26 23 54 3
26 20 51 3
27 20 51 3
27 20 52 3
28 20 52 3
27 21 52 3
27 21 53 3
27 22 53 3
26 22 53 3
22 21 52 3
22 21 51 3
23 21 51 3
22 20 51 3
26 20 53 3
25 20 53 3
24 20 53 3
25 20 52 3
24 20 52 3
24 20 51 3
23 20 51 3
25 21 52 3
24 22 55 3
24 21 55 3
24 21 57 3
24 21 56 3
25 21 54 3
25 21 55 3
25 21 56 3
25 21 53 3
26 21 53 3
26 21 54 3
26 22 54 3
27 22 54 3
26 25 55 3
25 25 56 3
23 23 32 5
22 23 33 5
21 23 33 5
22 23 32 5
21 22 33 5
21 21 33 5
20 20 33 5
21 20 32 5
20 20 32 5
21 19 33 5
21 20 33 5
20 20 35 5
20 20 34 5
20 21 36 5
21 20 36 5
20 20 36 5
20 20 37 5
20 21 37 5
20 22 37 5
22 22 32 5
22 22 33 5
22 22 34 5
22 20 35 5
22 21 35 5
22 21 34 5
23 23 39 5
22 23 38 5
23 23 38 5
22 22 37 5
22 23 37 5
21 23 37 5
20 23 37 5
19 23 37 5
20 22 33 5
20 23 33 5
19 23 32 5
20 23 32 5
20 21 33 5
20 18 38 5
20 18 37 5
20 19 38 5
20 19 37 5
21 19 38 5
20 19 36 5
19 19 36 5
18 16 36 5
19 16 36 5
18 17 36 5
19 17 35 5
19 17 36 5
19 18 36 5
18 17 37 5
19 18 37 5
18 18 38 5
18 18 37 5
22 13 38 5
22 13 37 5
22 12 37 5
21 13 38 5
21 13 37 5
21 13 35 5
21 12 35 5
20 13 36 5
20 13 35 5
20 12 37 5
20 13 37 5
21 13 36 5
21 13 34 5
22 14 34 5
22 15 34 5
22 15 33 5
21 15 34 5
21 14 34 5
22 12 34 5
21 12 34 5
22 11 34 5
22 12 33 5
22 11 33 5
23 12 34 5
23 12 33 5
20 13 34 5
22 12 36 5
22 12 35 5
23 12 36 5
20 16 37 5
20 15 37 5
20 15 35 5
20 15 36 5
20 14 35 5
20 14 33 5
20 14 34 5
21 15 37 5
21 16 37 5
19 14 35 5
20 12 33 5
20 13 33 5
21 13 33 5
21 16 38 5
19 14 36 5
19 15 36 5
18 15 36 5
24 9 34 5
24 10 34 5
23 10 34 5
22 10 34 5
23 11 37 5
23 11 36 5
22 11 37 5
22 10 37 5
22 10 38 5
20 10 36 5
20 10 35 5
20 9 36 5
21 9 36 5
22 9 36 5
22 9 37 5
22 8 37 5
23 9 37 5
23 9 36 5
22 9 35 5
21 7 35 5
20 7 35 5
20 7 36 5
20 8 35 5
20 9 35 5
21 9 35 5
21 8 35 5
23 10 35 5
23 10 36 5
26 15 33 5
27 15 33 5
26 15 34 5
27 14 34 5
27 15 34 5
27 15 36 5
27 15 35 5
26 15 35 5
24 15 34 5
24 15 35 5
25 15 35 5
23 15 36 5
23 15 35 5
23 15 34 5
27 15 32 5
28 15 32 5
27 15 31 5
26 15 31 5
27 15 30 5
26 16 33 5
28 16 33 5
28 16 34 5
27 16 33 5
26 15 32 5
26 16 32 5
27 17 34 5
27 19 35 5
27 21 35 5
26 20 35 5
27 20 35 5
27 18 35 5
28 17 35 5
28 18 35 5
28 17 34 5
28 19 34 5
28 18 34 5
28 19 32 5
28 19 31 5
28 19 33 5
28 20 34 5
19 25 37 5
20 25 37 5
19 24 37 5
19 25 36 5
19 24 36 5
21 24 37 5
20 24 37 5
20 24 36 5
30 15 32 7
30 16 32 7
31 15 32 7
31 16 32 7
31 17 32 7
32 17 31 7
31 17 31 7
32 17 33 7
32 17 32 7
32 15 32 7
33 15 32 7
30 17 33 7
30 17 32 7
33 18 34 7
33 18 33 7
32 18 33 7
33 18 32 7
32 20 32 7
32 19 32 7
33 19 32 7
32 20 33 7
30 18 35 7
30 19 33 7
30 19 34 7
30 19 35 7
31 19 34 7
31 20 34 7
30 20 34 7
31 20 33 7
32 21 32 7
34 23 34 7
33 22 34 7
33 23 34 7
33 21 34 7
33 21 35 7
33 22 32 7
33 22 33 7
33 21 32 7
32 22 33 7
32 22 32 7
32 22 31 7
33 22 31 7
33 22 30 7
33 21 31 7
34 21 29 7
34 21 28 7
35 21 29 7
37 21 28 7
37 22 28 7
36 21 27 7
36 22 27 7
37 22 27 7
35 22 28 7
36 22 28 7
36 21 28 7
35 21 28 7
33 21 29 7
33 21 30 7
33 23 30 7
35 23 26 7
36 23 26 7
36 23 25 7
36 23 27 7
36 22 25 7
37 22 26 7
36 22 26 7
42 22 30 7
41 23 29 7
41 22 29 7
41 23 28 7
40 23 28 7
42 22 29 7
42 23 29 7
42 23 28 7
39 23 28 7
39 23 27 7
38 23 26 7
38 23 27 7
39 22 27 7
39 21 26 7
39 22 26 7
40 20 26 7
40 21 26 7
39 21 25 7
38 21 25 7
37 21 25 7
38 22 26 7
38 22 25 7
37 23 25 7
38 23 25 7
38 20 25 7
38 20 26 7
38 20 27 7
38 21 24 7
37 21 23 7
38 21 23 7
38 19 23 7
38 20 23 7
38 20 22 7
41 22 22 7
41 21 20 7
40 21 21 7
41 21 21 7
41 21 22 7
41 22 21 7
39 22 21 7
39 20 21 7
39 21 21 7
40 19 21 7
40 20 21 7
39 19 21 7
39 20 22 7
40 20 22 7
40 19 22 7
40 21 22 7
39 21 22 7
40 17 22 7
40 18 22 7
41 18 22 7
42 17 23 7
41 17 23 7
41 17 22 7
42 18 23 7
41 18 23 7
41 16 22 7
41 16 23 7
42 18 21 7
41 18 21 7
40 17 20 7
40 17 21 7
40 16 21 7
41 16 21 7
40 16 20 7
41 14 20 7
40 14 21 7
40 14 20 7
41 12 18 7
41 13 18 7
41 13 17 7
42 13 18 7
42 13 17 7
42 11 18 7
44 13 18 7
44 12 18 7
44 13 17 7
44 14 17 7
44 12 17 7
43 12 18 7
42 12 18 7
43 13 19 7
43 13 18 7
43 13 17 7
45 15 17 7
44 17 19 7
44 16 19 7
43 16 17 7
43 16 18 7
43 16 19 7
44 16 17 7
44 15 17 7
42 16 19 7
43 17 19 7
43 19 19 7
43 20 19 7
43 20 20 7
43 18 19 7
44 15 15 7
43 15 16 7
42 15 16 7
43 15 15 7
43 15 17 7
43 14 17 7
41 15 16 7
40 14 16 7
40 15 16 7
40 16 16 7
40 16 18 7
40 16 17 7
37 15 21 7
37 15 22 7
37 16 22 7
37 16 18 7
37 16 19 7
37 16 20 7
37 16 21 7
38 15 21 7
36 16 20 7
36 15 20 7
36 15 21 7
37 15 20 7
36 14 20 7
38 16 20 7
38 15 20 7
38 17 18 7
38 16 18 7
38 15 18 7
38 16 19 7
39 16 18 7
37 15 17 7
38 15 17 7
39 15 20 7
40 15 20 7
40 15 21 7
41 15 20 7
43 15 21 7
42 15 21 7
41 15 21 7
41 14 22 7
42 13 21 7
42 13 22 7
41 13 21 7
43 13 21 7
41 14 21 7
40 11 22 7
39 11 22 7
38 12 22 7
39 12 22 7
40 12 22 7
41 12 22 7
41 13 22 7
33 25 30 7
32 24 30 7
33 24 30 7
42 25 29 7
42 24 29 7
41 25 29 7
41 24 29 7
42 24 28 7
42 25 28 7
44 25 27 7
43 25 27 7
42 25 27 7
38 24 27 7
37 25 27 7
37 24 27 7
36 24 28 7
36 24 27 7
38 24 28 7
38 24 25 7
37 24 25 7
37 25 25 7
38 26 25 7
39 26 26 7
40 26 26 7
38 26 26 7
37 26 26 7
37 25 26 7
37 26 25 7
35 24 26 7
35 25 26 7
