16 19 38 49
41 13 19 20
48 18 17 47
46 18 17 21
46 13 19 46
34 22 33 33
45 17 17 44
43 17 17 35
16 21 38 40
34 19 35 39
41 15 19 30
30 19 34 37
30 19 32 12
32 19 33 34
32 19 31 31
44 25 21 29
16 18 40 28
46 20 17 27
27 15 30 5
43 15 21 23
42 11 19 18
44 12 17 7
16 18 36 8
24 20 53 15
24 20 55 13
16 16 35 1
44 13 19 48
43 13 19 48
31 39 38 19
31 39 39 19
31 39 37 19
31 41 38 19
31 40 38 19
32 40 38 19
32 40 37 19
33 40 41 19
33 40 40 19
33 40 39 19
32 40 39 19
32 41 37 19
32 40 40 19
32 41 36 19
31 42 36 19
31 40 36 19
31 41 36 19
33 41 37 19
35 42 37 19
34 42 37 19
34 42 38 19
33 42 37 19
33 42 38 19
36 43 37 19
37 43 37 19
35 41 36 19
36 41 36 19
36 41 38 19
36 41 37 19
36 42 37 19
36 42 33 19
36 41 33 19
37 41 33 19
38 41 33 19
39 41 33 19
36 43 33 19
37 43 35 19
37 42 35 19
37 42 34 19
36 42 34 19
36 42 35 19
36 41 35 19
38 42 34 19
38 41 34 19
38 41 35 19
37 41 35 19
38 42 35 19
38 41 37 19
38 42 37 19
38 43 37 19
38 42 36 19
37 42 36 19
37 42 37 19
39 41 36 19
39 41 37 19
39 41 35 19
39 40 36 19
39 42 36 19
39 42 38 19
39 42 37 19
40 41 36 19
40 42 36 19
40 42 37 19
40 43 37 19
41 40 36 19
41 39 36 19
41 39 37 19
40 39 37 19
40 39 36 19
40 40 36 19
41 40 37 19
40 40 37 19
40 40 38 19
40 39 38 19
40 43 36 19
41 45 37 19
40 45 37 19
40 45 36 19
40 44 36 19
39 45 36 19
39 46 36 19
39 44 35 19
39 45 35 19
39 37 34 19
39 36 35 19
39 37 35 19
39 38 35 19
39 39 34 19
39 39 35 19
39 40 35 19
38 40 35 19
37 40 35 19
37 39 34 19
37 39 35 19
34 40 36 19
34 39 36 19
35 39 36 19
35 40 36 19
35 40 37 19
35 39 37 19
32 38 37 19
31 36 36 19
31 37 36 19
31 38 36 19
31 38 37 19
31 37 37 19
31 30 45 19
31 27 42 19
31 29 43 19
31 28 43 19
31 28 42 19
31 31 42 19
31 30 42 19
31 30 43 19
31 30 44 19
32 30 42 19
33 31 43 19
34 31 43 19
35 31 43 19
36 31 43 19
33 30 43 19
32 30 43 19
33 32 43 19
33 32 42 19
33 34 39 19
33 33 40 19
33 32 40 19
33 34 40 19
35 33 41 19
35 33 40 19
34 33 41 19
34 33 40 19
34 32 40 19
33 32 41 19
32 34 40 19
32 33 40 19
31 33 40 19
35 32 41 19
36 32 40 19
35 32 40 19
35 32 39 19
35 34 38 19
35 34 39 19
35 33 39 19
36 33 39 19
36 34 39 19
36 34 40 19
36 35 40 19
33 32 38 19
32 33 38 19
32 32 38 19
33 33 38 19
32 33 39 19
32 34 39 19
31 33 39 19
32 34 38 19
31 35 37 19
32 35 37 19
32 34 37 19
32 33 36 19
32 33 37 19
32 31 37 19
31 31 37 19
32 31 38 19
32 31 36 19
32 30 38 19
32 30 36 19
33 29 36 19
32 29 36 19
33 30 36 19
32 29 35 19
33 29 35 19
33 27 34 19
33 27 35 19
32 27 34 19
32 27 35 19
31 28 34 19
32 28 34 19
33 28 34 19
31 29 34 19
32 29 34 19
33 29 33 19
33 29 34 19
32 30 34 19
31 30 34 19
31 30 32 19
32 31 32 19
33 31 32 19
31 31 32 19
33 31 31 19
33 30 31 19
32 30 31 19
31 30 33 19
31 30 31 19
31 31 31 19
32 32 31 19
32 31 31 19
31 32 31 19
32 33 31 19
32 33 32 19
31 33 32 19
33 32 32 19
33 33 32 19
31 33 31 19
32 33 33 19
32 35 34 19
32 35 32 19
32 35 33 19
32 34 33 19
33 35 34 19
34 32 33 19
34 33 33 19
33 33 33 19
33 34 33 19
33 35 33 19
32 38 32 19
31 37 33 19
32 37 33 19
32 37 32 19
33 37 32 19
32 37 34 19
32 36 34 19
33 36 34 19
33 36 33 19
33 36 32 19
32 37 35 19
32 37 36 19
32 38 36 19
34 34 33 19
35 34 34 19
34 34 34 19
38 33 34 19
38 33 35 19
38 32 34 19
37 33 34 19
37 34 34 19
38 34 34 19
39 35 34 19
39 34 34 19
36 34 33 19
36 34 34 19
36 36 33 19
35 36 33 19
37 36 33 19
37 35 33 19
37 34 33 19
40 33 34 19
39 33 34 19
41 33 34 19
41 33 35 19
41 33 36 19
42 33 37 19
42 34 37 19
42 34 36 19
41 35 36 19
41 34 36 19
41 35 37 19
41 34 37 19
40 33 36 19
40 33 37 19
40 33 35 19
32 43 37 19
32 43 38 19
31 43 37 19
31 42 37 19
31 44 37 19
31 45 37 19
31 44 36 19
32 26 42 19
31 26 42 19
31 25 42 19
30 37 36 19
25 27 48 19
25 27 47 19
26 27 48 19
26 28 48 19
26 29 47 19
26 29 48 19
27 30 47 19
26 30 47 19
26 27 47 19
26 28 49 19
25 29 49 19
26 29 49 19
26 28 50 19
23 27 50 19
24 27 50 19
25 27 50 19
26 27 50 19
26 27 51 19
26 30 50 19
26 29 50 19
28 29 50 19
27 29 50 19
27 30 50 19
27 28 50 19
26 29 51 19
25 29 51 19
24 27 52 19
24 28 52 19
25 28 52 19
24 27 53 19
25 27 55 19
24 27 55 19
24 27 54 19
23 27 55 19
25 29 52 19
24 29 53 19
25 29 53 19
25 30 51 19
25 30 52 19
25 30 50 19
25 32 52 19
25 31 52 19
26 32 53 19
27 32 53 19
26 31 53 19
26 30 53 19
27 32 52 19
27 31 52 19
26 32 51 19
26 32 52 19
29 28 48 19
29 27 48 19
30 27 47 19
29 27 47 19
30 30 46 19
30 29 46 19
30 29 47 19
30 28 47 19
28 28 47 19
29 28 47 19
30 30 45 19
27 28 47 19
27 29 47 19
28 29 47 19
28 28 46 19
28 29 46 19
30 31 46 19
30 31 45 19
30 32 44 19
30 31 44 19
30 29 44 19
30 30 44 19
25 26 48 19
25 26 50 19
25 26 49 19
24 26 48 19
24 26 49 19
26 26 50 19
23 26 47 19
23 26 48 19
23 26 56 19
23 26 57 19
22 26 55 19
23 26 55 19
25 26 55 19
25 26 52 19
25 26 53 19
25 26 54 19
27 26 52 19
27 26 51 19
26 26 52 19
30 26 47 19
25 25 48 19
24 25 48 19
23 25 47 19
24 25 47 19
23 24 47 19
21 24 47 19
21 25 48 19
19 25 48 19
20 25 48 19
21 24 48 19
20 24 48 19
20 24 47 19
18 24 47 19
18 25 47 19
18 24 46 19
17 25 47 19
17 24 47 19
17 24 48 19
19 24 47 19
22 24 47 19
23 23 47 19
23 23 46 19
22 23 47 19
21 23 47 19
18 23 46 19
21 25 56 19
21 25 55 19
22 25 55 19
22 25 56 19
23 25 56 19
30 24 46 19
30 24 47 19
30 25 47 19
29 25 48 19
29 25 47 19
30 35 37 19
29 30 32 19
29 30 33 19
29 30 34 19
30 30 34 19
29 31 35 19
29 31 34 19
30 31 34 19
29 29 34 19
30 29 34 19
29 30 35 19
29 29 35 19
30 30 32 19
30 31 32 19
27 33 32 19
27 32 32 19
28 32 32 19
28 32 33 19
28 31 33 19
28 33 32 19
29 33 32 19
30 33 32 19
30 26 42 19
29 26 43 19
30 26 43 19
29 27 43 19
28 27 44 19
28 27 43 19
28 28 44 19
24 24 18 2
24 23 18 2
23 23 18 2
23 23 19 2
24 22 18 2
23 23 20 2
23 22 21 2
23 23 21 2
23 24 20 2
24 24 20 2
24 24 19 2
24 24 21 2
22 28 22 2
23 28 22 2
23 28 23 2
24 28 23 2
23 27 22 2
22 27 22 2
23 25 23 2
23 25 22 2
23 26 22 2
23 26 23 2
23 26 21 2
23 26 20 2
24 26 20 2
23 25 18 2
23 25 19 2
23 25 20 2
23 25 21 2
21 25 20 2
22 25 20 2
21 25 21 2
21 26 22 2
20 26 21 2
21 26 21 2
24 25 22 2
24 26 22 2
24 25 21 2
26 23 21 2
26 23 22 2
26 24 21 2
25 24 21 2
25 25 21 2
34 19 32 16
34 19 33 16
26 24 54 10
27 24 56 10
27 24 57 10
27 24 55 10
26 24 55 10
26 23 57 10
26 23 56 10
26 24 57 10
26 24 56 10
26 24 53 10
27 23 53 10
27 24 53 10
26 24 52 10
27 23 55 10
27 23 54 10
27 20 51 10
28 20 51 10
28 20 52 10
29 20 52 10
28 21 52 10
28 21 53 10
28 22 53 10
27 22 53 10
27 20 53 10
26 20 53 10
26 20 52 10
26 21 52 10
26 21 54 10
26 21 55 10
26 21 56 10
26 21 53 10
27 21 53 10
27 21 54 10
27 22 54 10
28 22 54 10
27 25 55 10
26 25 56 10
24 24 54 10
25 24 54 10
25 24 55 10
25 24 52 10
25 24 53 10
24 24 57 10
25 24 57 10
25 22 55 10
25 21 55 10
25 21 57 10
25 21 56 10
44 24 19 26
44 25 19 26
35 24 33 43
35 24 34 43
35 25 33 43
35 26 34 43
35 26 33 43
35 26 32 43
38 26 36 22
37 25 36 22
37 26 36 22
37 24 36 22
37 24 37 22
37 25 34 22
37 25 35 22
37 24 34 22
37 25 33 22
37 25 32 22
37 24 33 22
38 24 31 22
38 24 30 22
39 24 31 22
41 24 30 22
41 25 30 22
40 24 29 22
40 25 29 22
41 25 29 22
39 25 30 22
40 25 30 22
40 24 30 22
39 24 30 22
37 24 31 22
37 24 32 22
37 26 32 22
39 26 28 22
40 26 28 22
40 26 27 22
40 26 29 22
40 25 27 22
41 25 28 22
40 25 28 22
42 26 28 22
42 26 29 22
42 25 28 22
42 24 27 22
41 24 27 22
42 25 27 22
41 26 27 22
42 26 27 22
42 23 27 22
42 23 28 22
42 23 29 22
42 24 26 22
41 24 25 22
42 24 25 22
42 22 25 22
42 23 25 22
42 23 24 22
37 28 32 22
37 27 32 22
42 27 29 22
41 28 29 22
41 27 29 22
40 27 30 22
40 27 29 22
42 27 30 22
42 27 27 22
41 27 27 22
41 28 27 22
42 29 27 22
42 29 28 22
41 29 28 22
41 28 28 22
41 29 27 22
39 27 28 22
39 28 28 22
36 27 32 22
46 25 32 22
45 26 31 22
45 25 31 22
45 26 30 22
44 26 30 22
46 25 31 22
46 26 31 22
46 26 30 22
43 26 30 22
43 26 29 22
43 25 29 22
43 24 28 22
43 25 28 22
44 23 28 22
44 24 28 22
43 24 27 22
46 28 31 22
46 27 31 22
45 28 31 22
45 27 31 22
46 27 30 22
46 28 30 22
48 28 29 22
47 28 29 22
46 28 29 22
43 29 28 22
44 29 28 22
22 21 51 3
23 21 51 3
22 20 51 3
24 20 51 3
23 20 51 3
22 21 52 3
30 16 32 9
30 17 32 9
31 16 32 9
31 17 32 9
32 16 32 9
33 16 32 9
25 30 34 6
22 30 34 6
23 30 34 6
24 30 34 6
23 31 34 6
22 31 33 6
22 30 33 6
21 28 34 6
22 28 34 6
22 29 34 6
23 33 34 6
22 33 34 6
23 32 34 6
22 28 33 6
22 27 33 6
21 28 33 6
21 27 33 6
20 28 32 6
19 27 32 6
20 27 32 6
21 27 32 6
20 29 27 6
20 31 28 6
20 30 28 6
19 29 28 6
19 28 30 6
19 29 30 6
19 29 29 6
19 30 30 6
20 29 28 6
20 32 28 6
21 33 28 6
20 33 28 6
20 33 27 6
19 28 28 6
20 27 30 6
19 27 30 6
19 27 31 6
20 34 28 6
21 33 27 6
18 29 30 6
22 33 28 6
23 34 28 6
22 33 26 6
22 32 26 6
23 33 26 6
23 33 27 6
23 33 28 6
22 36 28 6
21 36 28 6
21 36 29 6
21 35 29 6
21 35 28 6
17 35 24 6
17 35 25 6
17 34 24 6
17 36 24 6
17 37 24 6
18 36 25 6
18 35 25 6
18 35 24 6
17 37 27 6
17 37 26 6
17 36 28 6
17 36 27 6
16 36 28 6
18 34 28 6
18 35 28 6
18 36 28 6
16 35 28 6
18 36 27 6
19 37 27 6
19 35 27 6
19 36 27 6
18 36 26 6
16 37 25 6
16 37 26 6
15 36 26 6
15 37 26 6
16 38 26 6
16 39 26 6
12 39 22 6
12 39 21 6
12 37 21 6
12 38 21 6
13 38 21 6
13 38 22 6
13 39 21 6
15 38 21 6
14 38 20 6
14 38 21 6
14 39 22 6
14 38 22 6
15 40 20 6
14 40 20 6
14 39 20 6
10 36 23 6
11 36 23 6
11 36 24 6
10 37 21 6
10 37 22 6
10 37 23 6
11 37 23 6
10 38 22 6
10 38 20 6
10 38 21 6
9 37 22 6
11 38 21 6
11 38 20 6
10 37 18 6
11 37 18 6
11 37 19 6
10 37 19 6
10 38 19 6
10 36 19 6
11 37 20 6
11 36 21 6
11 37 21 6
11 37 22 6
11 35 21 6
12 35 20 6
12 35 21 6
9 38 18 6
10 38 18 6
13 37 19 6
12 37 19 6
12 37 20 6
14 38 19 6
13 38 19 6
13 39 19 6
13 40 19 6
12 39 20 6
12 39 19 6
13 38 23 6
12 38 23 6
11 38 23 6
15 38 23 6
14 38 23 6
14 37 23 6
16 38 23 6
11 38 24 6
11 39 24 6
11 41 23 6
11 41 24 6
11 40 24 6
10 41 24 6
10 40 24 6
12 41 23 6
12 41 22 6
12 40 22 6
13 40 23 6
13 39 24 6
13 40 24 6
13 41 23 6
13 41 22 6
14 41 22 6
13 42 22 6
13 42 21 6
14 41 23 6
12 40 21 6
14 38 24 6
13 37 25 6
13 38 25 6
13 38 24 6
15 38 25 6
14 38 25 6
15 37 25 6
14 37 25 6
14 37 24 6
13 40 25 6
13 43 21 6
13 44 19 6
13 44 20 6
13 43 20 6
12 45 20 6
12 44 20 6
12 44 19 6
12 43 19 6
13 43 19 6
12 42 20 6
12 43 20 6
13 43 22 6
13 44 22 6
19 37 26 6
18 38 26 6
17 38 26 6
18 37 26 6
18 37 25 6
18 37 27 6
19 35 28 6
20 35 28 6
21 37 28 6
20 36 29 6
22 35 28 6
24 43 33 6
24 42 33 6
24 42 34 6
24 43 31 6
24 42 31 6
22 42 30 6
22 41 30 6
23 41 30 6
22 41 31 6
21 41 31 6
22 40 31 6
22 40 32 6
22 41 32 6
23 42 32 6
22 42 32 6
22 42 31 6
24 42 32 6
24 43 32 6
24 40 31 6
23 40 31 6
24 41 30 6
24 41 31 6
24 41 33 6
23 41 34 6
23 41 33 6
23 41 32 6
23 40 32 6
22 41 33 6
22 42 33 6
25 42 33 6
25 42 34 6
25 41 34 6
26 41 34 6
24 37 32 6
24 38 32 6
24 37 31 6
24 37 30 6
23 36 30 6
23 37 30 6
24 39 32 6
24 40 32 6
22 39 32 6
23 39 32 6
23 37 28 6
23 37 29 6
23 36 29 6
23 36 28 6
23 35 28 6
19 36 28 6
20 36 28 6
23 38 29 6
23 38 27 6
22 38 28 6
21 38 27 6
22 38 27 6
23 38 28 6
20 38 27 6
20 37 26 6
20 36 26 6
21 35 27 6
21 36 25 6
22 35 25 6
22 36 25 6
21 36 26 6
21 35 26 6
22 36 26 6
22 36 27 6
19 39 26 6
19 39 25 6
19 40 25 6
19 40 26 6
19 38 26 6
22 40 26 6
21 40 26 6
20 40 26 6
20 40 27 6
23 41 26 6
19 43 25 6
20 43 24 6
20 43 25 6
21 43 25 6
22 43 25 6
22 42 24 6
22 42 23 6
22 42 25 6
22 41 25 6
22 41 26 6
17 43 14 6
16 43 14 6
16 43 13 6
17 43 15 6
16 42 13 6
17 43 16 6
17 43 17 6
16 43 16 6
15 44 16 6
15 44 15 6
16 44 16 6
17 42 18 6
17 42 17 6
17 42 19 6
16 42 18 6
16 42 20 6
16 42 19 6
16 43 19 6
17 43 19 6
16 41 18 6
15 42 14 6
15 42 13 6
14 43 13 6
14 42 13 6
15 43 16 6
15 42 15 6
15 43 15 6
15 40 15 6
15 39 15 6
15 41 15 6
16 41 15 6
16 40 15 6
17 36 17 6
17 36 16 6
16 36 16 6
17 36 18 6
17 35 18 6
16 36 17 6
17 38 17 6
17 37 17 6
16 38 19 6
16 38 18 6
17 38 18 6
16 37 18 6
16 37 17 6
17 38 19 6
16 39 17 6
17 39 17 6
17 40 18 6
17 40 17 6
17 41 18 6
17 41 17 6
16 41 17 6
16 41 16 6
17 41 16 6
15 41 16 6
16 39 18 6
16 39 19 6
14 39 11 6
14 39 12 6
14 38 11 6
15 38 12 6
14 38 12 6
14 40 12 6
15 40 13 6
15 40 12 6
17 40 11 6
16 40 11 6
16 40 12 6
15 40 14 6
16 40 14 6
22 40 19 6
22 40 20 6
22 39 19 6
20 38 18 6
21 38 18 6
22 38 18 6
22 38 19 6
23 38 19 6
20 38 19 6
19 37 19 6
19 38 19 6
20 36 19 6
19 36 19 6
21 36 19 6
21 36 20 6
21 35 20 6
22 35 21 6
22 35 20 6
22 34 15 6
22 35 15 6
21 36 15 6
21 35 16 6
20 35 16 6
20 34 16 6
21 36 16 6
20 36 16 6
22 36 16 6
22 35 16 6
21 35 17 6
22 35 17 6
26 35 16 6
25 35 16 6
24 34 16 6
25 34 16 6
23 33 17 6
23 34 17 6
24 34 17 6
22 34 17 6
26 34 14 6
25 34 14 6
25 34 15 6
26 32 13 6
26 33 13 6
26 34 13 6
27 32 13 6
24 33 17 6
22 34 18 6
21 34 18 6
22 34 19 6
21 34 19 6
21 33 19 6
22 35 19 6
22 36 21 6
21 34 20 6
23 34 14 6
21 33 15 6
21 33 14 6
22 33 14 6
22 34 14 6
18 32 17 6
18 33 17 6
19 32 17 6
19 33 17 6
19 31 17 6
18 31 17 6
18 31 16 6
19 32 16 6
19 34 15 6
19 33 15 6
19 32 15 6
19 33 16 6
18 32 16 6
20 33 16 6
20 33 15 6
20 32 15 6
21 37 20 6
20 39 19 6
20 39 20 6
19 38 20 6
20 37 21 6
20 37 20 6
20 38 20 6
18 36 20 6
19 36 20 6
19 37 20 6
18 37 21 6
19 37 21 6
17 37 21 6
17 37 20 6
18 37 20 6
17 37 19 6
19 37 22 6
19 38 22 6
21 38 22 6
20 40 22 6
20 41 22 6
19 40 22 6
20 39 22 6
20 38 22 6
19 38 21 6
21 37 21 6
22 37 21 6
21 38 21 6
21 38 20 6
22 38 21 6
22 38 22 6
20 39 21 6
20 38 21 6
21 38 23 6
23 38 25 6
23 38 24 6
22 38 24 6
22 38 25 6
23 38 23 6
22 38 23 6
24 39 25 6
23 39 25 6
23 40 24 6
23 39 24 6
24 40 24 6
25 40 25 6
25 40 24 6
25 39 25 6
22 39 25 6
21 39 24 6
21 39 25 6
20 39 25 6
21 39 26 6
21 38 24 6
24 38 26 6
24 38 25 6
24 38 24 6
20 42 27 6
19 43 27 6
20 43 27 6
20 43 26 6
20 42 26 6
19 42 27 6
19 41 27 6
19 40 27 6
18 40 27 6
19 40 28 6
14 37 12 6
15 35 14 6
15 35 13 6
14 35 14 6
14 34 14 6
15 34 12 6
15 34 13 6
15 33 12 6
17 34 12 6
17 35 12 6
16 35 12 6
15 35 12 6
15 35 11 6
16 34 13 6
16 34 14 6
14 35 12 6
12 35 12 6
13 35 12 6
16 34 12 6
14 35 11 6
14 34 11 6
15 34 11 6
15 34 10 6
14 33 11 6
14 32 12 6
14 32 11 6
14 32 9 6
14 32 10 6
14 31 10 6
15 31 10 6
15 31 7 6
15 31 8 6
15 31 9 6
15 32 10 6
15 32 11 6
15 31 6 6
16 32 6 6
15 32 6 6
14 31 8 6
14 31 6 6
14 31 7 6
14 32 6 6
13 31 8 6
13 31 7 6
14 36 12 6
14 36 11 6
15 30 6 6
15 29 5 6
15 29 6 6
14 29 6 6
13 29 6 6
13 29 7 6
13 28 6 6
13 29 8 6
12 29 8 6
12 30 8 6
13 29 5 6
13 29 4 6
13 28 8 6
12 28 7 6
13 28 7 6
13 30 8 6
12 28 6 6
11 28 6 6
12 28 8 6
11 28 8 6
9 28 7 6
10 28 7 6
11 28 7 6
12 28 9 6
13 33 11 6
13 32 11 6
12 32 11 6
13 31 11 6
14 31 11 6
15 31 11 6
15 30 11 6
14 30 10 6
14 29 10 6
14 29 11 6
14 30 11 6
14 28 12 6
15 27 11 6
16 28 11 6
16 28 12 6
17 28 11 6
15 28 11 6
15 28 12 6
15 29 11 6
15 29 12 6
15 30 12 6
15 30 13 6
16 30 12 6
16 31 12 6
16 31 13 6
16 27 10 6
16 27 11 6
16 27 12 6
16 27 13 6
14 29 8 6
14 28 8 6
14 28 9 6
15 28 9 6
15 28 8 6
16 28 8 6
20 30 8 6
20 29 9 6
20 29 8 6
20 29 10 6
19 28 8 6
19 29 7 6
19 29 8 6
19 27 8 6
20 27 8 6
20 27 9 6
18 28 7 6
19 28 7 6
18 28 8 6
18 27 8 6
17 27 8 6
16 27 8 6
16 27 9 6
16 29 8 6
16 29 9 6
17 30 9 6
16 30 9 6
16 30 10 6
27 43 33 6
27 43 34 6
27 42 33 6
27 42 34 6
27 41 34 6
28 41 34 6
18 30 16 6
17 28 16 6
16 28 16 6
15 27 16 6
15 28 16 6
15 27 17 6
16 28 17 6
17 27 18 6
17 27 17 6
17 28 17 6
17 29 17 6
17 29 18 6
18 28 18 6
18 28 17 6
18 29 17 6
18 29 18 6
18 30 18 6
18 29 16 6
19 29 16 6
14 27 18 6
15 28 18 6
15 27 18 6
16 27 19 6
16 27 18 6
16 26 14 6
16 26 13 6
18 26 13 6
17 26 13 6
16 26 12 6
20 26 9 6
22 26 10 6
22 26 11 6
21 26 11 6
23 26 11 6
24 26 11 6
22 26 9 6
21 26 9 6
23 26 9 6
23 26 8 6
22 26 8 6
22 26 7 6
21 26 7 6
21 26 8 6
20 26 8 6
23 27 8 6
16 26 8 6
15 26 16 6
16 26 19 6
16 26 18 6
18 26 18 6
17 26 18 6
17 26 17 6
18 24 13 6
18 25 13 6
18 25 12 6
21 24 12 6
21 24 11 6
20 24 11 6
19 24 11 6
19 25 10 6
19 24 10 6
18 24 10 6
18 24 11 6
18 24 12 6
18 25 11 6
17 25 13 6
21 25 9 6
22 25 10 6
21 25 10 6
21 25 11 6
22 25 7 6
22 25 8 6
23 25 9 6
23 25 8 6
21 25 8 6
21 25 6 6
21 25 7 6
24 24 9 6
24 25 9 6
25 24 9 6
18 23 13 6
17 23 13 6
16 24 12 6
15 24 12 6
16 25 12 6
15 23 12 6
16 23 11 6
16 22 11 6
16 21 11 6
17 21 10 6
17 20 11 6
17 21 11 6
16 23 12 6
15 22 10 6
16 22 10 6
16 23 10 6
15 23 11 6
14 21 10 6
13 21 10 6
13 22 10 6
13 22 11 6
13 23 11 6
14 23 11 6
13 24 11 6
14 24 11 6
23 25 11 6
24 25 11 6
25 25 11 6
23 24 11 6
26 24 11 6
25 24 11 6
24 24 11 6
26 24 10 6
27 24 11 6
27 24 10 6
27 25 10 6
27 26 10 6
16 25 9 6
17 25 8 6
16 25 8 6
22 28 35 6
22 28 36 6
22 29 36 6
23 30 37 6
23 30 38 6
21 30 37 6
21 30 38 6
22 29 38 6
21 29 38 6
21 28 37 6
21 28 38 6
22 30 38 6
21 30 36 6
23 30 36 6
23 29 36 6
24 29 36 6
25 29 36 6
26 29 36 6
26 28 37 6
26 28 36 6
27 27 36 6
28 28 36 6
27 28 36 6
28 27 36 6
26 29 37 6
25 30 37 6
25 31 36 6
25 30 36 6
25 30 35 6
24 30 35 6
24 30 36 6
28 26 36 6
22 30 35 6
36 21 35 45
36 21 34 45
36 21 33 45
36 22 33 45
35 21 34 45
23 24 33 41
22 24 34 41
21 24 34 41
22 24 33 41
21 23 34 41
21 22 34 41
20 21 34 41
21 21 33 41
20 21 33 41
21 20 34 41
21 21 34 41
20 21 36 41
20 21 35 41
20 22 37 41
21 21 37 41
20 21 37 41
20 21 38 41
20 22 38 41
20 23 38 41
22 23 33 41
22 23 34 41
22 23 35 41
22 21 36 41
22 22 36 41
22 22 35 41
23 24 40 41
22 24 39 41
23 24 39 41
22 23 38 41
22 24 38 41
21 24 38 41
20 24 38 41
19 24 38 41
20 23 34 41
20 24 34 41
19 24 33 41
20 24 33 41
20 22 34 41
20 19 39 41
20 19 38 41
20 20 39 41
20 20 38 41
21 20 39 41
20 20 37 41
19 20 37 41
18 17 37 41
19 17 37 41
18 18 37 41
19 18 36 41
19 18 37 41
19 19 37 41
18 18 38 41
19 19 38 41
18 19 39 41
18 19 38 41
22 15 35 41
22 16 35 41
22 16 34 41
21 16 35 41
21 15 35 41
20 15 34 41
20 17 38 41
20 16 38 41
20 16 36 41
20 16 37 41
20 15 36 41
20 15 35 41
21 16 38 41
21 17 38 41
19 15 36 41
21 17 39 41
19 15 37 41
19 16 37 41
18 16 37 41
26 16 34 41
27 16 34 41
26 16 35 41
27 15 35 41
27 16 35 41
27 16 37 41
27 16 36 41
26 16 36 41
24 16 35 41
24 16 36 41
25 16 36 41
23 16 37 41
23 16 36 41
23 16 35 41
27 16 33 41
28 16 33 41
27 16 32 41
26 16 32 41
26 17 34 41
28 17 34 41
28 17 35 41
27 17 34 41
26 16 33 41
26 17 33 41
27 18 35 41
27 20 36 41
27 22 36 41
26 21 36 41
27 21 36 41
27 19 36 41
28 18 36 41
28 19 36 41
28 18 35 41
28 20 35 41
28 19 35 41
28 20 33 41
28 20 32 41
28 20 34 41
28 21 35 41
19 26 38 41
20 26 38 41
19 25 38 41
19 26 37 41
19 25 37 41
21 25 38 41
20 25 38 41
20 25 37 41
30 24 20 25
30 25 20 25
31 25 21 25
31 25 20 25
30 25 22 25
30 25 21 25
33 24 35 32
32 24 35 32
33 24 34 32
32 23 34 32
32 23 35 32
32 22 36 32
32 23 36 32
33 23 35 32
16 16 38 17
16 17 38 17
16 14 38 17
16 15 38 17
44 20 17 11
44 20 18 11
44 20 19 11
43 20 19 11
44 21 19 11
44 22 19 11
44 19 16 11
43 19 16 11
44 19 15 11
44 19 17 11
42 19 16 11
41 19 16 11
41 20 16 11
41 20 18 11
41 20 17 11
38 20 18 11
38 20 19 11
39 21 18 11
39 20 18 11
39 19 18 11
39 20 19 11
40 20 18 11
38 19 17 11
39 19 17 11
41 18 16 11
45 21 19 11
45 20 19 11
45 19 15 11
43 15 19 38
45 15 19 38
44 15 19 38
46 25 24 36
46 24 22 36
45 24 23 36
46 24 23 36
46 24 24 36
46 25 23 36
44 23 23 36
44 25 23 36
44 24 23 36
45 22 23 36
45 23 23 36
44 22 23 36
44 23 24 36
45 23 24 36
45 22 24 36
45 24 24 36
44 24 24 36
45 20 24 36
45 21 24 36
46 21 24 36
47 20 25 36
46 20 25 36
46 20 24 36
47 21 25 36
46 21 25 36
46 19 24 36
46 19 25 36
47 21 23 36
46 21 23 36
45 20 22 36
45 20 23 36
45 19 23 36
46 19 23 36
45 19 22 36
44 18 22 36
45 18 22 36
45 18 23 36
46 18 22 36
48 18 23 36
47 18 23 36
46 18 23 36
46 17 22 36
45 17 23 36
45 17 22 36
47 16 23 36
47 16 24 36
46 16 23 36
48 16 23 36
46 17 24 36
46 17 23 36
45 14 24 36
44 14 24 36
44 15 24 36
45 15 24 36
46 15 24 36
46 16 24 36
42 18 23 36
42 18 24 36
42 19 24 36
42 19 22 36
42 19 23 36
43 18 23 36
41 19 22 36
41 18 22 36
41 18 23 36
42 18 22 36
43 19 22 36
43 18 22 36
41 17 22 36
43 15 24 36
23 34 36 42
23 33 36 42
23 32 36 42
28 37 40 42
28 36 40 42
29 37 40 42
27 35 39 42
26 35 39 42
26 35 40 42
26 37 39 42
26 36 39 42
27 36 39 42
27 36 40 42
26 36 40 42
26 36 41 42
28 35 39 42
27 34 40 42
26 34 40 42
27 35 40 42
28 35 40 42
27 34 39 42
27 33 39 42
25 37 37 42
26 37 37 42
26 37 38 42
25 38 39 42
25 38 38 42
25 37 38 42
25 37 36 42
24 35 36 42
25 35 36 42
25 36 36 42
23 35 36 42
23 36 36 42
27 37 37 42
27 38 37 42
28 38 38 42
28 39 38 42
29 39 38 42
28 39 37 42
28 38 37 42
27 39 36 42
27 41 37 42
28 41 37 42
27 40 37 42
29 40 37 42
29 41 36 42
29 41 37 42
28 41 36 42
27 39 37 42
25 35 37 42
25 35 38 42
25 36 38 42
28 38 39 42
28 44 36 42
28 44 37 42
28 45 37 42
28 45 36 42
27 45 37 42
27 45 36 42
29 44 36 42
29 44 38 42
29 44 37 42
28 43 36 42
29 43 36 42
27 43 36 42
26 42 38 42
26 42 39 42
27 42 39 42
26 43 39 42
27 43 38 42
27 42 38 42
27 43 37 42
28 43 37 42
27 42 36 42
27 42 37 42
27 41 36 42
26 41 36 42
26 41 37 42
29 42 38 42
28 42 38 42
29 43 38 42
30 37 40 42
30 37 41 42
29 47 28 42
27 49 29 42
26 49 29 42
26 50 29 42
28 49 29 42
25 50 29 42
25 51 29 42
28 49 30 42
27 49 30 42
28 48 30 42
28 48 28 42
28 50 28 42
28 49 28 42
29 49 28 42
29 50 28 42
29 51 30 42
29 50 30 42
29 50 29 42
27 49 28 42
30 48 27 42
30 48 28 42
30 49 28 42
34 49 29 42
36 49 29 42
35 49 29 42
35 49 28 42
36 49 30 42
35 50 29 42
35 51 29 42
34 51 30 42
34 51 28 42
34 51 29 42
33 51 29 42
33 51 28 42
32 51 28 42
32 52 28 42
32 52 30 42
32 52 29 42
32 51 29 42
31 52 30 42
31 52 29 42
31 52 28 42
31 51 30 42
31 51 29 42
31 52 27 42
30 52 27 42
32 52 27 42
31 52 26 42
33 53 29 42
33 52 29 42
35 48 26 42
35 50 26 42
35 49 26 42
35 48 27 42
35 49 27 42
35 51 27 42
35 50 27 42
34 49 27 42
32 49 28 42
33 49 28 42
34 49 28 42
32 50 28 42
34 50 27 42
33 50 26 42
33 50 27 42
32 50 27 42
31 50 28 42
30 50 28 42
30 50 29 42
30 51 29 42
30 47 28 42
32 53 30 42
34 51 31 42
35 52 23 42
36 52 23 42
36 51 23 42
36 51 22 42
36 50 22 42
36 51 24 42
35 51 24 42
36 50 24 42
36 50 23 42
35 51 25 42
34 51 25 42
34 52 25 42
35 50 23 42
35 50 24 42
35 50 25 42
33 43 24 42
33 44 24 42
34 45 24 42
33 45 24 42
34 46 24 42
32 46 24 42
33 46 24 42
34 48 24 42
33 48 24 42
33 48 23 42
34 48 23 42
32 48 24 42
32 47 24 42
34 49 23 42
34 50 23 42
33 50 25 42
33 51 25 42
33 51 24 42
33 51 23 42
33 50 24 42
32 50 24 42
31 51 31 42
31 51 32 42
31 48 30 42
31 49 32 42
31 48 32 42
31 48 31 42
32 48 31 42
31 50 32 42
30 51 32 42
32 49 31 42
29 45 31 42
29 46 30 42
29 47 30 42
29 46 31 42
28 47 31 42
28 46 31 42
28 45 31 42
29 47 31 42
29 48 31 42
29 47 32 42
28 47 33 42
29 47 33 42
28 46 32 42
27 45 31 42
26 45 32 42
26 46 32 42
27 46 32 42
24 45 28 42
23 46 27 42
24 46 27 42
23 46 28 42
24 46 28 42
24 47 28 42
25 47 28 42
25 46 28 42
22 47 26 42
23 47 26 42
23 47 27 42
24 47 26 42
25 47 27 42
24 47 27 42
21 47 21 42
21 46 21 42
21 46 22 42
22 46 22 42
22 47 22 42
22 47 24 42
22 47 23 42
22 47 25 42
23 47 21 42
23 47 22 42
24 46 22 42
23 46 22 42
22 48 21 42
23 48 21 42
22 48 20 42
21 48 19 42
21 48 20 42
23 48 19 42
23 48 20 42
23 47 20 42
21 47 24 42
23 48 18 42
23 47 18 42
22 47 19 42
21 47 19 42
22 47 18 42
24 48 18 42
24 49 19 42
24 49 18 42
25 49 18 42
25 49 19 42
26 49 18 42
23 46 19 42
23 47 19 42
24 47 19 42
24 46 19 42
24 47 21 42
24 47 20 42
25 46 29 42
26 47 30 42
27 46 30 42
26 46 30 42
25 46 30 42
27 46 31 42
27 47 32 42
27 47 33 42
27 47 34 42
26 47 33 42
26 46 34 42
26 46 33 42
26 45 35 42
26 44 35 42
25 45 35 42
27 45 35 42
23 45 35 42
24 45 35 42
24 46 35 42
25 46 35 42
26 51 35 42
25 50 35 42
25 51 35 42
25 49 35 42
23 49 34 42
24 49 34 42
25 49 34 42
24 48 35 42
24 49 35 42
25 48 35 42
25 47 35 42
25 46 34 42
25 46 33 42
24 46 32 42
23 45 33 42
23 46 33 42
22 46 33 42
24 46 33 42
30 48 31 42
30 47 33 42
30 46 32 42
30 47 32 42
26 44 36 42
24 50 37 42
24 51 37 42
24 51 36 42
25 51 36 42
23 50 38 42
27 50 38 42
26 50 38 42
27 50 36 42
26 50 36 42
26 50 37 42
25 50 38 42
24 50 38 42
26 51 37 42
26 51 36 42
25 48 36 42
41 15 17 14
42 15 17 14
44 15 17 14
43 15 17 14
22 13 39 24
22 13 38 24
22 12 38 24
21 13 39 24
21 13 38 24
21 13 36 24
21 12 36 24
20 13 37 24
20 13 36 24
20 12 38 24
20 13 38 24
21 13 37 24
21 13 35 24
22 12 35 24
21 12 35 24
22 11 35 24
22 12 34 24
22 11 34 24
23 12 35 24
23 12 34 24
20 13 35 24
22 12 37 24
22 12 36 24
23 12 37 24
20 12 34 24
20 13 34 24
21 13 34 24
24 9 35 24
24 10 35 24
23 10 35 24
22 10 35 24
23 11 38 24
23 11 37 24
22 11 38 24
22 10 38 24
22 10 39 24
20 10 37 24
20 10 36 24
20 9 37 24
21 9 37 24
22 9 37 24
22 9 38 24
22 8 38 24
23 9 38 24
23 9 37 24
22 9 36 24
21 7 36 24
20 7 36 24
20 7 37 24
20 8 36 24
20 9 36 24
21 9 36 24
21 8 36 24
23 10 36 24
23 10 37 24
26 19 12 4
26 20 11 4
26 20 12 4
27 21 11 4
26 21 11 4
27 21 12 4
27 21 13 4
27 22 13 4
27 22 14 4
28 22 15 4
27 22 15 4
26 21 15 4
26 22 15 4
27 24 16 4
28 24 16 4
28 24 14 4
28 24 15 4
26 24 16 4
26 24 15 4
27 24 15 4
26 23 16 4
26 23 15 4
26 22 18 4
26 23 18 4
26 23 17 4
26 21 17 4
26 22 17 4
26 22 16 4
30 24 16 4
31 23 16 4
31 24 16 4
31 24 15 4
31 24 14 4
31 23 15 4
30 23 15 4
30 24 13 4
31 24 13 4
31 26 14 4
31 25 14 4
30 26 13 4
30 26 14 4
31 25 13 4
30 25 13 4
30 25 14 4
29 25 14 4
30 25 16 4
30 25 15 4
29 25 13 4
28 25 14 4
27 25 14 4
27 25 13 4
24 21 11 4
25 21 11 4
25 20 12 4
25 21 13 4
25 20 13 4
25 22 13 4
31 23 18 4
31 24 18 4
31 25 18 4
32 23 18 4
32 23 17 4
32 23 16 4
32 24 16 4
32 24 15 4
32 24 14 4
32 22 19 4
32 23 19 4
33 29 14 50
33 28 14 50
34 28 14 50
33 30 14 50
34 26 14 50
34 27 14 50
33 26 14 50
34 29 14 50
36 29 16 51
36 29 15 51
36 29 17 51
36 29 13 51
36 29 14 51
