34 16 32 101
35 21 34 45
20 12 34 24
20 7 39 96
23 11 34 82
44 23 20 91
36 29 19 89
36 29 17 77
22 10 42 88
23 9 37 87
25 21 58 85
9 28 7 6
40 19 17 74
38 19 17 11
42 24 26 71
42 22 26 58
26 23 58 66
43 15 17 69
41 15 17 14
47 15 17 65
45 15 17 62
30 24 20 25
32 22 36 32
44 26 19 60
44 24 19 26
42 23 24 22
23 13 41 57
21 13 42 52
35 26 32 43
16 19 38 49
41 13 19 20
49 18 17 47
47 18 17 21
46 13 19 46
34 22 33 33
45 17 17 44
43 17 17 35
16 21 38 40
34 19 35 39
41 15 19 30
30 19 34 37
30 19 32 12
32 19 33 34
32 19 31 31
44 25 21 29
16 18 40 28
48 20 17 27
27 15 30 5
43 15 21 23
42 11 19 18
44 12 17 7
16 18 36 8
24 20 53 15
24 20 55 13
16 16 35 1
44 13 19 48
43 13 19 48
22 13 40 76
22 12 40 76
21 13 40 76
20 13 39 76
20 12 40 76
20 13 40 76
21 13 39 76
22 12 39 76
23 12 39 76
23 11 40 76
23 11 39 76
22 11 40 76
22 10 40 76
20 10 39 76
20 9 39 76
21 9 39 76
22 9 39 76
22 9 40 76
22 8 40 76
23 9 40 76
23 9 39 76
23 10 39 76
21 13 38 76
21 12 38 76
20 13 38 76
22 12 38 76
23 10 38 76
24 24 18 2
24 23 18 2
23 23 18 2
23 23 19 2
24 22 18 2
23 23 20 2
23 22 21 2
23 23 21 2
23 24 20 2
24 24 20 2
24 24 19 2
24 24 21 2
22 28 22 2
23 28 22 2
23 28 23 2
24 28 23 2
23 27 22 2
22 27 22 2
23 25 23 2
23 25 22 2
23 26 22 2
23 26 23 2
23 26 21 2
23 26 20 2
24 26 20 2
23 25 18 2
23 25 19 2
23 25 20 2
23 25 21 2
21 25 20 2
22 25 20 2
21 25 21 2
21 26 22 2
20 26 21 2
21 26 21 2
24 25 22 2
24 26 22 2
24 25 21 2
26 23 21 2
26 23 22 2
26 24 21 2
25 24 21 2
25 25 21 2
34 19 32 16
34 19 33 16
46 20 17 81
46 20 18 81
46 19 16 81
46 19 15 81
46 19 17 81
47 19 15 81
44 20 20 53
43 20 20 53
44 21 20 53
45 21 20 53
45 20 20 53
22 13 36 90
23 12 36 90
22 12 36 90
23 11 36 90
24 12 36 90
25 9 36 90
25 10 36 90
24 10 36 90
23 10 36 90
22 13 35 90
32 25 21 55
32 25 20 55
22 21 51 3
23 21 51 3
22 20 51 3
24 20 51 3
23 20 51 3
22 21 52 3
24 47 23 100
25 46 23 100
24 46 23 100
39 41 33 78
40 41 33 78
39 42 34 78
39 41 34 78
39 41 35 78
39 42 35 78
39 41 37 78
39 42 37 78
39 43 37 78
39 42 36 78
40 41 36 78
40 41 37 78
40 41 35 78
40 40 36 78
40 42 36 78
40 42 38 78
40 42 37 78
40 37 34 78
40 36 35 78
40 37 35 78
40 38 35 78
40 39 34 78
40 39 35 78
40 40 35 78
39 40 35 78
20 14 35 98
20 14 34 98
23 25 33 41
22 25 34 41
21 25 34 41
22 25 33 41
21 24 34 41
21 23 34 41
20 22 34 41
21 22 33 41
20 22 33 41
21 21 34 41
21 22 34 41
20 22 36 41
20 22 35 41
20 23 37 41
21 22 37 41
20 22 37 41
20 22 38 41
20 23 38 41
20 24 38 41
22 24 33 41
22 24 34 41
22 24 35 41
22 22 36 41
22 23 36 41
22 23 35 41
23 25 40 41
22 25 39 41
23 25 39 41
22 24 38 41
22 25 38 41
21 25 38 41
20 25 38 41
19 25 38 41
20 24 34 41
20 25 34 41
19 25 33 41
20 25 33 41
20 23 34 41
20 20 39 41
20 20 38 41
20 21 39 41
20 21 38 41
21 21 39 41
20 21 37 41
19 21 37 41
18 18 37 41
19 18 37 41
18 19 37 41
19 19 36 41
19 19 37 41
19 20 37 41
18 19 38 41
19 20 38 41
18 20 39 41
18 20 38 41
22 16 35 41
22 17 35 41
22 17 34 41
21 17 35 41
21 16 35 41
20 16 34 41
20 18 38 41
20 17 38 41
20 17 36 41
20 17 37 41
20 16 36 41
20 16 35 41
21 17 38 41
21 18 38 41
19 16 36 41
21 18 39 41
19 16 37 41
19 17 37 41
18 17 37 41
26 17 34 41
27 17 34 41
26 17 35 41
27 16 35 41
27 17 35 41
27 17 37 41
27 17 36 41
26 17 36 41
24 17 35 41
24 17 36 41
25 17 36 41
23 17 37 41
23 17 36 41
23 17 35 41
27 17 33 41
28 17 33 41
27 17 32 41
26 17 32 41
26 18 34 41
28 18 34 41
28 18 35 41
27 18 34 41
26 17 33 41
26 18 33 41
27 19 35 41
27 21 36 41
27 23 36 41
26 22 36 41
27 22 36 41
27 20 36 41
28 19 36 41
28 20 36 41
28 19 35 41
28 21 35 41
28 20 35 41
28 21 33 41
28 21 32 41
28 21 34 41
28 22 35 41
19 27 38 41
20 27 38 41
19 26 38 41
19 27 37 41
19 26 37 41
21 26 38 41
20 26 38 41
20 26 37 41
35 24 34 54
35 24 35 54
35 25 34 54
35 26 35 54
35 26 34 54
38 28 36 56
37 27 36 56
37 28 36 56
37 26 36 56
37 26 37 56
37 27 34 56
37 27 35 56
37 26 34 56
37 27 33 56
37 27 32 56
37 26 33 56
38 26 31 56
38 26 30 56
39 26 31 56
41 26 30 56
41 27 30 56
40 26 29 56
40 27 29 56
41 27 29 56
39 27 30 56
40 27 30 56
40 26 30 56
39 26 30 56
37 26 31 56
37 26 32 56
37 28 32 56
39 28 28 56
40 28 28 56
40 28 27 56
40 28 29 56
40 27 27 56
41 27 28 56
40 27 28 56
42 28 28 56
42 28 29 56
42 27 28 56
42 26 27 56
41 26 27 56
42 27 27 56
41 28 27 56
42 28 27 56
42 26 26 56
41 26 25 56
42 26 25 56
37 30 32 56
37 29 32 56
42 29 29 56
41 30 29 56
41 29 29 56
40 29 30 56
40 29 29 56
42 29 30 56
42 29 27 56
41 29 27 56
41 30 27 56
41 30 28 56
39 29 28 56
39 30 28 56
36 29 32 56
46 27 32 56
45 28 31 56
45 27 31 56
45 28 30 56
44 28 30 56
46 27 31 56
46 28 31 56
46 28 30 56
43 28 30 56
43 28 29 56
43 27 29 56
43 26 28 56
43 27 28 56
44 26 28 56
43 26 27 56
46 30 31 56
46 29 31 56
45 30 31 56
45 29 31 56
46 29 30 56
46 30 30 56
48 30 29 56
47 30 29 56
46 30 29 56
42 25 27 56
42 25 28 56
42 25 29 56
44 25 28 56
16 16 38 17
16 17 38 17
16 14 38 17
16 15 38 17
27 25 58 70
26 25 58 70
24 25 58 70
25 25 58 70
43 15 19 38
45 15 19 38
44 15 19 38
46 25 24 36
46 24 22 36
45 24 23 36
46 24 23 36
46 24 24 36
46 25 23 36
44 23 23 36
44 25 23 36
44 24 23 36
45 22 23 36
45 23 23 36
44 22 23 36
44 23 24 36
45 23 24 36
45 22 24 36
45 24 24 36
44 24 24 36
45 20 24 36
45 21 24 36
46 21 24 36
47 20 25 36
46 20 25 36
46 20 24 36
47 21 25 36
46 21 25 36
46 19 24 36
46 19 25 36
47 21 23 36
46 21 23 36
45 20 22 36
45 20 23 36
45 19 23 36
46 19 23 36
45 19 22 36
44 18 22 36
45 18 22 36
45 18 23 36
46 18 22 36
48 18 23 36
47 18 23 36
46 18 23 36
46 17 22 36
45 17 23 36
45 17 22 36
47 16 23 36
47 16 24 36
46 16 23 36
48 16 23 36
46 17 24 36
46 17 23 36
45 14 24 36
44 14 24 36
44 15 24 36
45 15 24 36
46 15 24 36
46 16 24 36
42 18 23 36
42 18 24 36
42 19 24 36
42 19 22 36
42 19 23 36
43 18 23 36
41 19 22 36
41 18 22 36
41 18 23 36
42 18 22 36
43 19 22 36
43 18 22 36
41 17 22 36
43 15 24 36
42 32 27 59
41 32 27 59
33 25 35 61
32 25 35 61
33 25 34 61
32 24 34 61
32 24 35 61
32 24 36 61
33 24 35 61
23 13 34 95
24 13 34 95
37 21 35 99
37 21 34 99
37 21 33 99
37 22 33 99
20 10 37 73
21 7 37 73
20 7 37 73
20 8 37 73
20 9 37 73
21 9 37 73
21 8 37 73
38 20 19 72
39 21 19 72
39 20 19 72
39 19 19 72
40 20 19 72
38 20 20 72
39 20 20 72
30 26 20 63
30 26 22 63
30 26 21 63
28 24 16 80
29 24 16 80
29 24 14 80
29 24 15 80
28 24 15 80
31 24 16 80
32 23 16 80
32 24 16 80
32 24 15 80
32 24 14 80
32 23 15 80
31 23 15 80
31 24 13 80
32 24 13 80
32 26 14 80
32 25 14 80
31 26 13 80
31 26 14 80
32 25 13 80
31 25 13 80
31 25 14 80
30 25 14 80
31 25 16 80
31 25 15 80
30 25 13 80
29 25 14 80
28 25 14 80
28 25 13 80
32 23 18 80
32 24 18 80
32 25 18 80
33 23 18 80
33 23 17 80
33 23 16 80
33 24 16 80
33 24 15 80
33 24 14 80
33 22 19 80
33 23 19 80
42 32 29 68
41 32 29 68
43 32 29 68
44 32 29 68
22 48 26 84
22 48 22 84
22 48 24 84
22 48 23 84
22 48 25 84
21 48 24 84
23 48 26 84
24 48 26 84
23 34 37 75
23 33 37 75
23 32 37 75
27 35 40 75
26 35 40 75
26 35 41 75
26 37 40 75
26 36 40 75
27 36 40 75
27 36 41 75
26 36 41 75
26 36 42 75
27 34 41 75
26 34 41 75
27 35 41 75
27 34 40 75
27 33 40 75
25 37 38 75
26 37 38 75
26 37 39 75
25 38 40 75
25 38 39 75
25 37 39 75
25 37 37 75
24 35 37 75
25 35 37 75
25 36 37 75
23 35 37 75
23 36 37 75
27 37 38 75
27 38 38 75
27 39 37 75
27 41 38 75
27 40 38 75
27 39 38 75
25 35 38 75
25 35 39 75
25 36 39 75
27 43 37 75
26 42 39 75
26 42 40 75
27 42 40 75
26 43 40 75
27 43 39 75
27 42 39 75
27 43 38 75
27 42 37 75
27 42 38 75
27 41 37 75
26 41 37 75
26 41 38 75
28 37 41 75
28 36 41 75
29 37 41 75
28 35 40 75
28 35 41 75
30 37 41 75
30 37 42 75
28 38 39 75
28 39 39 75
29 39 39 75
28 39 38 75
28 38 38 75
28 38 40 75
28 41 38 75
29 41 37 75
29 40 38 75
29 41 38 75
28 41 37 75
27 45 38 75
27 45 37 75
26 45 36 75
26 44 36 75
25 45 36 75
27 45 36 75
23 45 36 75
24 45 36 75
24 46 36 75
25 46 36 75
26 51 36 75
25 50 36 75
25 51 36 75
25 49 36 75
23 49 35 75
24 49 35 75
25 49 35 75
24 48 36 75
24 49 36 75
25 48 36 75
25 47 36 75
27 45 32 75
26 45 33 75
26 46 33 75
27 46 33 75
24 45 29 75
23 46 28 75
24 46 28 75
23 46 29 75
24 46 29 75
24 47 29 75
25 47 29 75
25 46 29 75
23 47 28 75
25 47 28 75
24 47 28 75
25 46 30 75
26 47 31 75
27 46 31 75
26 46 31 75
25 46 31 75
27 46 32 75
27 47 33 75
27 47 34 75
27 47 35 75
26 47 34 75
26 46 35 75
26 46 34 75
25 46 35 75
25 46 34 75
24 46 33 75
23 45 34 75
23 46 34 75
22 46 34 75
24 46 34 75
26 44 37 75
24 50 38 75
24 51 38 75
24 51 37 75
25 51 37 75
23 50 39 75
27 50 39 75
26 50 39 75
27 50 37 75
26 50 37 75
26 50 38 75
25 50 39 75
24 50 39 75
26 51 38 75
26 51 37 75
25 48 37 75
28 44 37 75
28 44 38 75
28 45 38 75
28 45 37 75
29 44 37 75
29 44 39 75
29 44 38 75
28 43 37 75
29 43 37 75
28 43 38 75
29 42 39 75
28 42 39 75
29 43 39 75
26 24 54 10
27 24 56 10
27 24 55 10
26 24 55 10
26 23 56 10
26 24 56 10
26 24 53 10
27 23 53 10
27 24 53 10
26 24 52 10
27 23 55 10
27 23 54 10
27 20 51 10
28 20 51 10
28 20 52 10
29 20 52 10
28 21 52 10
28 21 53 10
28 22 53 10
27 22 53 10
27 20 53 10
26 20 53 10
26 20 52 10
26 21 52 10
26 21 54 10
26 21 55 10
26 21 56 10
26 21 53 10
27 21 53 10
27 21 54 10
27 22 54 10
28 22 54 10
27 25 55 10
26 25 56 10
24 24 54 10
25 24 54 10
25 24 55 10
25 24 52 10
25 24 53 10
25 22 55 10
25 21 55 10
25 21 56 10
42 41 36 86
42 42 36 86
42 42 37 86
42 43 37 86
43 40 36 86
43 39 36 86
43 39 37 86
42 39 37 86
42 39 36 86
42 40 36 86
43 40 37 86
42 40 37 86
42 40 38 86
42 39 38 86
42 43 36 86
43 45 37 86
42 45 37 86
42 45 36 86
42 44 36 86
41 45 36 86
41 46 36 86
41 44 35 86
41 45 35 86
37 29 15 51
37 29 13 51
37 29 14 51
31 39 38 19
31 39 39 19
31 39 37 19
31 41 38 19
31 40 38 19
32 40 38 19
32 40 37 19
33 40 41 19
33 40 40 19
33 40 39 19
32 40 39 19
32 41 37 19
32 40 40 19
32 41 36 19
31 40 36 19
31 42 36 19
31 41 36 19
33 41 37 19
35 42 37 19
34 42 37 19
34 42 38 19
33 42 37 19
33 42 38 19
35 41 36 19
36 41 36 19
36 41 38 19
36 41 37 19
36 43 37 19
37 43 37 19
36 42 37 19
36 42 33 19
36 41 33 19
37 41 33 19
36 43 33 19
37 43 35 19
37 42 35 19
37 42 34 19
36 42 34 19
36 42 35 19
36 41 35 19
37 41 35 19
37 42 36 19
37 42 37 19
37 40 35 19
37 39 34 19
37 39 35 19
34 40 36 19
34 39 36 19
35 39 36 19
35 40 36 19
35 40 37 19
35 39 37 19
31 36 36 19
31 37 36 19
31 38 36 19
32 38 37 19
31 38 37 19
31 37 37 19
31 30 45 19
31 27 42 19
31 29 43 19
31 28 43 19
31 28 42 19
31 31 42 19
31 30 42 19
31 30 43 19
31 30 44 19
32 30 42 19
33 31 43 19
34 31 43 19
35 31 43 19
36 31 43 19
33 30 43 19
32 30 43 19
33 32 43 19
33 32 42 19
33 34 39 19
33 33 40 19
33 32 40 19
33 34 40 19
35 33 41 19
35 33 40 19
34 33 41 19
34 33 40 19
34 32 40 19
33 32 41 19
32 34 40 19
32 33 40 19
31 33 40 19
35 32 41 19
36 32 40 19
35 32 40 19
35 32 39 19
35 34 38 19
35 34 39 19
35 33 39 19
36 33 39 19
36 34 39 19
36 34 40 19
36 35 40 19
33 32 38 19
32 33 38 19
32 32 38 19
33 33 38 19
32 33 39 19
32 34 39 19
31 33 39 19
32 34 38 19
31 35 37 19
32 35 37 19
32 34 37 19
32 33 36 19
32 33 37 19
32 31 37 19
31 31 37 19
32 31 38 19
32 31 36 19
32 30 38 19
32 30 36 19
33 29 36 19
32 29 36 19
33 30 36 19
32 29 35 19
33 29 35 19
33 27 34 19
33 27 35 19
32 27 34 19
32 27 35 19
31 28 34 19
32 28 34 19
33 28 34 19
31 29 34 19
32 29 34 19
33 29 33 19
33 29 34 19
32 30 34 19
31 30 34 19
31 30 32 19
32 31 32 19
33 31 32 19
31 31 32 19
33 31 31 19
33 30 31 19
32 30 31 19
31 30 33 19
31 30 31 19
31 31 31 19
32 32 31 19
32 31 31 19
31 32 31 19
32 33 31 19
32 33 32 19
31 33 32 19
33 32 32 19
33 33 32 19
31 33 31 19
32 33 33 19
32 35 34 19
32 35 32 19
32 35 33 19
32 34 33 19
33 35 34 19
34 32 33 19
34 33 33 19
33 33 33 19
33 34 33 19
33 35 33 19
32 38 32 19
31 37 33 19
32 37 33 19
32 37 32 19
33 37 32 19
32 37 34 19
32 36 34 19
33 36 34 19
33 36 33 19
33 36 32 19
32 37 35 19
32 37 36 19
32 38 36 19
34 34 33 19
35 34 34 19
34 34 34 19
36 34 33 19
37 33 34 19
37 34 34 19
36 34 34 19
36 36 33 19
35 36 33 19
37 36 33 19
37 35 33 19
37 34 33 19
32 43 37 19
32 43 38 19
31 43 37 19
31 42 37 19
31 44 37 19
31 45 37 19
31 44 36 19
32 26 42 19
31 26 42 19
31 25 42 19
30 37 36 19
29 28 48 19
29 27 48 19
30 27 47 19
29 27 47 19
30 30 46 19
30 29 46 19
30 29 47 19
30 28 47 19
28 28 47 19
29 28 47 19
30 30 45 19
27 28 47 19
25 27 48 19
25 27 47 19
26 27 48 19
26 28 48 19
26 29 47 19
26 29 48 19
27 30 47 19
26 30 47 19
26 27 47 19
26 28 49 19
25 29 49 19
26 29 49 19
26 28 50 19
23 27 50 19
24 27 50 19
25 27 50 19
26 27 50 19
26 27 51 19
26 30 50 19
26 29 50 19
28 29 50 19
27 29 50 19
27 30 50 19
27 28 50 19
26 29 51 19
25 29 51 19
24 27 52 19
24 28 52 19
25 28 52 19
24 27 53 19
25 27 55 19
24 27 55 19
24 27 54 19
23 27 55 19
25 29 52 19
24 29 53 19
25 29 53 19
25 30 51 19
25 30 52 19
25 30 50 19
25 32 52 19
25 31 52 19
26 32 51 19
26 32 53 19
27 32 53 19
26 31 53 19
26 30 53 19
27 32 52 19
27 31 52 19
26 32 52 19
27 29 47 19
28 29 47 19
28 28 46 19
28 29 46 19
30 31 46 19
30 31 45 19
30 32 44 19
30 31 44 19
30 29 44 19
30 30 44 19
25 26 48 19
25 26 50 19
25 26 49 19
24 26 48 19
24 26 49 19
26 26 50 19
23 26 47 19
23 26 48 19
22 26 55 19
23 26 56 19
23 26 57 19
23 26 55 19
25 26 55 19
25 26 52 19
25 26 53 19
25 26 54 19
27 26 52 19
27 26 51 19
26 26 52 19
30 26 47 19
25 25 48 19
24 25 48 19
23 25 47 19
24 25 47 19
23 24 47 19
21 24 47 19
21 25 48 19
19 25 48 19
20 25 48 19
21 24 48 19
20 24 48 19
20 24 47 19
18 24 47 19
18 25 47 19
18 24 46 19
17 25 47 19
17 24 47 19
17 24 48 19
19 24 47 19
22 24 47 19
23 23 47 19
23 23 46 19
22 23 47 19
21 23 47 19
18 23 46 19
21 25 56 19
21 25 55 19
22 25 55 19
22 25 56 19
23 25 56 19
30 24 46 19
30 24 47 19
30 25 47 19
29 25 48 19
29 25 47 19
30 35 37 19
29 30 32 19
29 30 33 19
29 30 34 19
30 30 34 19
29 31 35 19
29 31 34 19
30 31 34 19
29 29 34 19
30 29 34 19
29 30 35 19
29 29 35 19
30 30 32 19
30 31 32 19
27 33 32 19
27 32 32 19
28 32 32 19
28 32 33 19
28 31 33 19
28 33 32 19
29 33 32 19
30 33 32 19
30 26 42 19
29 26 43 19
30 26 43 19
29 27 43 19
28 27 44 19
28 27 43 19
28 28 44 19
38 33 34 19
38 33 35 19
38 32 34 19
38 34 34 19
39 35 34 19
39 34 34 19
40 33 34 19
39 33 34 19
41 33 34 19
41 33 35 19
41 33 36 19
42 33 37 19
42 34 37 19
42 34 36 19
41 35 36 19
41 34 36 19
41 35 37 19
41 34 37 19
40 33 36 19
40 33 37 19
40 33 35 19
32 51 32 92
32 51 33 92
32 49 33 92
32 48 33 92
32 48 32 92
33 48 32 92
32 50 33 92
31 51 33 92
33 49 32 92
30 45 32 92
30 46 32 92
29 47 32 92
29 46 32 92
29 45 32 92
30 47 32 92
30 48 32 92
30 47 33 92
29 47 34 92
30 47 34 92
29 46 33 92
31 48 32 92
31 47 34 92
31 46 33 92
31 47 33 92
32 48 31 92
30 46 31 92
30 47 31 92
26 19 12 4
26 20 11 4
26 20 12 4
26 21 11 4
24 21 11 4
25 21 11 4
25 20 12 4
25 21 13 4
25 20 13 4
25 22 13 4
27 21 11 4
27 21 12 4
27 21 13 4
27 22 13 4
27 22 14 4
28 22 15 4
26 21 15 4
26 22 15 4
26 24 16 4
26 24 15 4
26 23 16 4
26 23 15 4
26 22 18 4
26 23 18 4
26 23 17 4
26 21 17 4
26 22 17 4
26 22 16 4
27 22 15 4
44 19 16 64
43 19 16 64
42 19 16 64
42 20 16 64
42 20 18 64
42 20 17 64
42 18 16 64
34 30 14 97
34 31 14 97
35 30 14 97
21 46 21 42
21 46 22 42
22 46 22 42
21 47 21 42
27 25 11 94
28 24 11 94
27 24 11 94
28 24 10 94
29 24 11 94
29 24 10 94
29 25 10 94
29 26 10 94
30 47 28 67
29 49 29 67
29 49 30 67
29 48 30 67
29 48 28 67
29 50 28 67
29 49 28 67
30 49 28 67
30 50 28 67
30 51 30 67
30 50 30 67
30 50 29 67
31 48 27 67
31 48 28 67
31 49 28 67
35 49 29 67
37 49 29 67
36 49 29 67
36 49 28 67
37 49 30 67
36 50 29 67
36 51 29 67
35 51 30 67
35 51 28 67
35 51 29 67
34 51 29 67
34 51 28 67
33 51 28 67
33 52 28 67
33 52 30 67
33 52 29 67
33 51 29 67
32 52 30 67
32 52 29 67
32 52 28 67
32 51 30 67
32 51 29 67
32 52 27 67
31 52 27 67
33 52 27 67
32 52 26 67
34 53 29 67
34 52 29 67
36 48 26 67
36 50 26 67
36 49 26 67
36 48 27 67
36 49 27 67
36 51 27 67
36 50 27 67
35 49 27 67
33 49 28 67
34 49 28 67
35 49 28 67
33 50 28 67
35 50 27 67
34 50 26 67
34 50 27 67
33 50 27 67
32 50 28 67
31 50 28 67
31 50 29 67
31 51 29 67
31 47 28 67
33 53 30 67
36 52 23 67
37 52 23 67
37 51 23 67
37 51 22 67
37 50 22 67
37 51 24 67
36 51 24 67
37 50 24 67
37 50 23 67
36 51 25 67
35 51 25 67
35 52 25 67
36 50 23 67
36 50 24 67
36 50 25 67
34 43 24 67
34 44 24 67
35 45 24 67
34 45 24 67
35 46 24 67
33 46 24 67
34 46 24 67
35 48 24 67
34 48 24 67
34 48 23 67
35 48 23 67
33 48 24 67
33 47 24 67
35 49 23 67
35 50 23 67
34 50 25 67
34 51 25 67
34 51 24 67
34 51 23 67
34 50 24 67
33 50 24 67
28 49 29 67
27 49 29 67
27 50 29 67
26 50 29 67
26 51 29 67
28 49 30 67
28 49 28 67
35 51 31 67
24 40 26 93
23 40 26 93
25 41 26 93
23 43 25 93
24 43 25 93
24 42 24 93
24 42 23 93
24 42 25 93
24 41 25 93
24 41 26 93
23 36 19 93
23 36 20 93
23 35 20 93
24 35 21 93
24 35 20 93
24 34 15 93
24 35 15 93
23 36 15 93
23 35 16 93
23 36 16 93
24 36 16 93
24 35 16 93
23 35 17 93
24 35 17 93
28 35 16 93
27 35 16 93
26 34 16 93
27 34 16 93
25 33 17 93
25 34 17 93
26 34 17 93
24 34 17 93
28 34 14 93
27 34 14 93
27 34 15 93
28 32 13 93
28 33 13 93
28 34 13 93
29 32 13 93
26 33 17 93
24 34 18 93
23 34 18 93
24 34 19 93
23 34 19 93
23 33 19 93
24 35 19 93
24 36 21 93
23 34 20 93
25 34 14 93
23 33 15 93
23 33 14 93
24 33 14 93
24 34 14 93
23 37 20 93
23 37 21 93
24 37 21 93
23 38 22 93
23 38 21 93
23 38 20 93
24 38 21 93
24 38 22 93
23 38 23 93
25 38 25 93
25 38 24 93
24 38 24 93
24 38 25 93
25 38 23 93
24 38 23 93
26 39 25 93
25 39 25 93
25 40 24 93
25 39 24 93
26 40 24 93
27 40 25 93
27 40 24 93
27 39 25 93
24 39 25 93
23 39 24 93
23 39 25 93
23 39 26 93
23 38 24 93
26 38 26 93
26 38 25 93
26 38 24 93
22 28 32 93
21 27 32 93
22 27 32 93
22 29 27 93
22 31 28 93
22 30 28 93
21 29 28 93
21 28 30 93
21 29 30 93
21 29 29 93
21 30 30 93
22 29 28 93
22 32 28 93
22 33 28 93
22 33 27 93
21 28 28 93
22 27 30 93
21 27 30 93
21 27 31 93
22 34 28 93
20 29 30 93
19 35 24 93
19 35 25 93
19 34 24 93
19 36 24 93
19 37 24 93
20 36 25 93
20 35 25 93
20 35 24 93
19 37 27 93
19 37 26 93
19 36 28 93
19 36 27 93
18 36 28 93
20 34 28 93
20 35 28 93
20 36 28 93
18 35 28 93
20 36 27 93
21 37 27 93
21 35 27 93
21 36 27 93
20 36 26 93
18 37 25 93
18 37 26 93
17 36 26 93
17 37 26 93
18 38 26 93
18 39 26 93
14 39 22 93
14 39 21 93
14 37 21 93
14 38 21 93
15 38 21 93
15 38 22 93
15 39 21 93
17 38 21 93
16 38 20 93
16 38 21 93
16 39 22 93
16 38 22 93
17 40 20 93
16 40 20 93
16 39 20 93
12 36 23 93
13 36 23 93
13 36 24 93
12 37 21 93
12 37 22 93
12 37 23 93
13 37 23 93
12 38 22 93
12 38 20 93
12 38 21 93
13 38 21 93
13 38 20 93
12 37 18 93
13 37 18 93
13 37 19 93
12 37 19 93
12 38 19 93
12 36 19 93
13 37 20 93
13 36 21 93
13 37 21 93
13 37 22 93
13 35 21 93
14 35 20 93
14 35 21 93
12 38 18 93
15 37 19 93
14 37 19 93
14 37 20 93
16 38 19 93
15 38 19 93
15 39 19 93
15 40 19 93
14 39 20 93
14 39 19 93
15 38 23 93
14 38 23 93
13 38 23 93
17 38 23 93
16 38 23 93
16 37 23 93
18 38 23 93
13 38 24 93
13 39 24 93
13 41 23 93
13 41 24 93
13 40 24 93
12 41 24 93
12 40 24 93
14 41 23 93
14 41 22 93
14 40 22 93
15 40 23 93
15 39 24 93
15 40 24 93
15 41 23 93
15 41 22 93
16 41 22 93
15 42 22 93
15 42 21 93
16 41 23 93
14 40 21 93
16 38 24 93
15 37 25 93
15 38 25 93
15 38 24 93
17 38 25 93
16 38 25 93
17 37 25 93
16 37 25 93
16 37 24 93
15 40 25 93
15 43 21 93
15 44 19 93
15 44 20 93
15 43 20 93
14 45 20 93
14 44 20 93
14 44 19 93
14 43 19 93
15 43 19 93
14 42 20 93
14 43 20 93
15 43 22 93
15 44 22 93
21 37 26 93
20 38 26 93
19 38 26 93
20 37 26 93
20 37 25 93
20 37 27 93
21 35 28 93
22 35 28 93
21 36 28 93
22 36 29 93
22 36 28 93
22 37 26 93
22 36 26 93
21 39 26 93
21 39 25 93
21 40 25 93
21 40 26 93
21 38 26 93
22 40 26 93
22 40 27 93
22 39 25 93
21 43 25 93
22 43 24 93
22 43 25 93
22 42 27 93
21 43 27 93
22 43 27 93
22 43 26 93
22 42 26 93
21 42 27 93
21 41 27 93
21 40 27 93
20 40 27 93
21 40 28 93
11 37 22 93
11 38 18 93
27 30 34 93
24 30 34 93
25 30 34 93
26 30 34 93
25 31 34 93
24 31 33 93
24 30 33 93
23 28 34 93
24 28 34 93
24 29 34 93
25 33 34 93
24 33 34 93
25 32 34 93
24 28 33 93
24 27 33 93
23 28 33 93
23 27 33 93
23 27 32 93
24 28 35 93
24 28 36 93
24 29 36 93
25 30 37 93
25 30 38 93
23 30 37 93
23 30 38 93
24 29 38 93
23 29 38 93
23 28 37 93
23 28 38 93
24 30 38 93
23 30 36 93
25 30 36 93
25 29 36 93
26 29 36 93
27 29 36 93
28 29 36 93
28 28 37 93
28 28 36 93
30 28 36 93
29 27 36 93
29 28 36 93
30 27 36 93
28 29 37 93
27 31 36 93
27 30 37 93
27 30 36 93
27 30 35 93
26 30 35 93
26 30 36 93
30 26 36 93
24 30 35 93
23 33 28 93
23 33 27 93
24 33 28 93
24 33 26 93
24 32 26 93
25 33 26 93
25 33 27 93
25 34 28 93
25 33 28 93
24 36 28 93
23 36 28 93
23 36 29 93
23 35 29 93
23 35 28 93
23 37 28 93
24 35 28 93
26 43 33 93
26 42 33 93
26 42 34 93
24 42 30 93
24 41 30 93
25 41 30 93
24 41 31 93
23 41 31 93
24 40 31 93
24 40 32 93
24 41 32 93
25 42 32 93
24 42 32 93
24 42 31 93
26 43 31 93
26 42 31 93
26 42 32 93
26 43 32 93
26 40 31 93
25 40 31 93
26 41 30 93
26 41 31 93
26 41 33 93
25 41 34 93
25 41 33 93
25 41 32 93
25 40 32 93
24 41 33 93
24 42 33 93
27 42 33 93
27 42 34 93
27 41 34 93
28 41 34 93
26 37 32 93
26 38 32 93
26 37 31 93
26 37 30 93
25 36 30 93
25 37 30 93
26 39 32 93
26 40 32 93
24 39 32 93
25 39 32 93
25 37 28 93
25 37 29 93
25 36 29 93
25 36 28 93
25 35 28 93
25 38 29 93
22 38 27 93
23 38 27 93
24 38 28 93
25 38 27 93
24 38 27 93
25 38 28 93
23 35 27 93
23 36 25 93
24 35 25 93
24 36 25 93
23 36 26 93
23 35 26 93
24 36 26 93
24 36 27 93
29 43 33 93
29 43 34 93
29 42 33 93
29 42 34 93
29 41 34 93
30 41 34 93
22 35 16 93
22 34 16 93
22 36 16 93
20 32 17 93
20 33 17 93
21 32 17 93
21 33 17 93
21 31 17 93
20 31 17 93
20 31 16 93
21 32 16 93
21 34 15 93
21 33 15 93
21 32 15 93
21 33 16 93
20 32 16 93
22 33 16 93
22 33 15 93
22 32 15 93
20 30 16 93
19 28 16 93
18 28 16 93
17 27 16 93
17 28 16 93
17 27 17 93
18 28 17 93
19 27 18 93
19 27 17 93
19 28 17 93
19 29 17 93
19 29 18 93
20 28 18 93
20 28 17 93
20 29 17 93
20 29 18 93
20 30 18 93
20 29 16 93
21 29 16 93
16 27 18 93
17 28 18 93
17 27 18 93
18 27 19 93
18 27 18 93
17 26 16 93
18 26 19 93
18 26 18 93
20 26 18 93
19 26 18 93
19 26 17 93
18 43 14 83
17 43 14 83
17 43 13 83
18 43 15 83
17 42 13 83
18 43 16 83
18 43 17 83
17 43 16 83
16 44 16 83
16 44 15 83
17 44 16 83
18 42 18 83
18 42 17 83
18 42 19 83
17 42 18 83
17 42 20 83
17 42 19 83
17 43 19 83
18 43 19 83
17 41 18 83
16 42 14 83
16 42 13 83
15 43 13 83
15 42 13 83
16 43 16 83
16 42 15 83
16 43 15 83
16 40 15 83
16 39 15 83
16 41 15 83
17 41 15 83
17 40 15 83
18 36 17 83
18 36 16 83
17 36 16 83
18 36 18 83
18 35 18 83
17 36 17 83
18 38 17 83
18 37 17 83
17 38 19 83
17 38 18 83
18 38 18 83
17 37 18 83
17 37 17 83
18 38 19 83
17 39 17 83
18 39 17 83
18 40 18 83
18 40 17 83
18 41 18 83
18 41 17 83
17 41 17 83
17 41 16 83
18 41 16 83
16 41 16 83
17 39 18 83
17 39 19 83
15 39 11 83
15 39 12 83
15 38 11 83
16 38 12 83
15 38 12 83
15 40 12 83
16 40 13 83
16 40 12 83
18 40 11 83
17 40 11 83
17 40 12 83
16 40 14 83
17 40 14 83
21 38 18 83
21 38 19 83
20 37 19 83
20 38 19 83
21 36 19 83
20 36 19 83
21 39 19 83
21 39 20 83
20 38 20 83
21 37 21 83
21 37 20 83
21 38 20 83
19 36 20 83
20 36 20 83
20 37 20 83
19 37 21 83
20 37 21 83
18 37 21 83
18 37 20 83
19 37 20 83
18 37 19 83
20 37 22 83
20 38 22 83
21 40 22 83
21 41 22 83
20 40 22 83
21 39 22 83
21 38 22 83
20 38 21 83
21 39 21 83
21 38 21 83
15 37 12 83
16 35 14 83
16 35 13 83
15 35 14 83
15 34 14 83
16 34 12 83
16 34 13 83
16 33 12 83
18 34 12 83
18 35 12 83
17 35 12 83
16 35 12 83
16 35 11 83
17 34 13 83
17 34 14 83
15 35 12 83
13 35 12 83
14 35 12 83
17 34 12 83
15 35 11 83
15 34 11 83
16 34 11 83
16 34 10 83
15 33 11 83
15 32 12 83
15 32 11 83
15 32 9 83
15 32 10 83
15 31 10 83
16 31 10 83
16 31 7 83
16 31 8 83
16 31 9 83
16 32 10 83
16 32 11 83
16 31 6 83
17 32 6 83
16 32 6 83
15 31 8 83
15 31 6 83
15 31 7 83
15 32 6 83
14 31 8 83
14 31 7 83
15 36 12 83
15 36 11 83
16 30 6 83
16 29 5 83
16 29 6 83
15 29 6 83
14 29 6 83
14 29 7 83
14 28 6 83
14 29 8 83
13 29 8 83
13 30 8 83
14 29 5 83
14 29 4 83
14 28 8 83
13 28 7 83
14 28 7 83
14 30 8 83
13 28 6 83
12 28 6 83
13 28 8 83
12 28 8 83
11 28 7 83
12 28 7 83
13 28 9 83
14 33 11 83
14 32 11 83
13 32 11 83
14 31 11 83
15 31 11 83
16 31 11 83
16 30 11 83
15 30 10 83
15 29 10 83
15 29 11 83
15 30 11 83
15 28 12 83
16 27 11 83
17 28 11 83
17 28 12 83
18 28 11 83
16 28 11 83
16 28 12 83
16 29 11 83
16 29 12 83
16 30 12 83
16 30 13 83
17 30 12 83
17 31 12 83
17 31 13 83
17 27 10 83
17 27 11 83
17 27 12 83
17 27 13 83
15 29 8 83
15 28 8 83
15 28 9 83
16 28 9 83
16 28 8 83
17 28 8 83
21 30 8 83
21 29 9 83
21 29 8 83
21 29 10 83
20 29 7 83
20 28 8 83
20 29 8 83
20 27 8 83
21 27 8 83
21 27 9 83
19 28 7 83
20 28 7 83
19 28 8 83
19 27 8 83
18 27 8 83
17 27 8 83
17 27 9 83
17 29 8 83
17 29 9 83
18 30 9 83
17 30 9 83
17 30 10 83
17 26 14 83
17 26 13 83
19 26 13 83
18 26 13 83
17 26 12 83
21 26 9 83
21 26 8 83
17 26 8 83
19 24 13 83
19 25 13 83
19 25 12 83
21 24 11 83
20 24 11 83
20 25 10 83
20 24 10 83
19 24 10 83
19 24 11 83
19 24 12 83
19 25 11 83
18 25 13 83
19 23 13 83
18 23 13 83
17 24 12 83
16 24 12 83
17 25 12 83
16 23 12 83
17 23 11 83
17 22 11 83
17 21 11 83
18 20 11 83
18 21 10 83
18 21 11 83
17 23 12 83
16 22 10 83
17 22 10 83
17 23 10 83
16 23 11 83
15 21 10 83
14 21 10 83
14 22 10 83
14 22 11 83
14 23 11 83
15 23 11 83
14 24 11 83
15 24 11 83
18 25 8 83
17 25 9 83
17 25 8 83
22 38 18 83
23 38 18 83
23 40 19 83
23 40 20 83
23 39 19 83
23 38 19 83
24 38 19 83
23 26 10 83
23 26 11 83
22 26 11 83
24 26 11 83
25 26 11 83
23 26 9 83
22 26 9 83
24 26 9 83
24 26 8 83
23 26 8 83
23 26 7 83
22 26 7 83
22 26 8 83
24 27 8 83
22 25 9 83
23 25 10 83
22 25 10 83
22 24 12 83
22 24 11 83
22 25 11 83
23 25 7 83
23 25 8 83
24 25 9 83
24 25 8 83
22 25 8 83
22 25 6 83
22 25 7 83
25 24 9 83
25 25 9 83
24 25 11 83
25 25 11 83
24 24 11 83
25 24 11 83
26 24 9 83
34 28 14 50
35 28 14 50
35 26 14 50
35 27 14 50
34 26 14 50
24 47 21 79
24 48 21 79
24 48 19 79
24 48 20 79
24 47 20 79
24 48 18 79
24 47 18 79
25 48 18 79
25 49 19 79
25 49 18 79
26 49 18 79
26 49 19 79
27 49 18 79
24 46 19 79
24 47 19 79
25 47 19 79
25 46 19 79
25 47 21 79
25 47 20 79
23 48 21 79
23 48 20 79
22 48 19 79
22 48 20 79
23 47 19 79
22 47 19 79
23 47 18 79
30 16 32 9
30 17 32 9
31 16 32 9
31 17 32 9
32 16 32 9
