43 35 34 500
41 35 34 245
45 20 20 53
26 50 24 497
34 54 31 494
34 52 31 198
40 19 19 407
24 15 42 482
24 15 40 203
27 51 18 481
27 49 18 456
24 17 41 479
42 40 33 476
40 40 33 230
35 26 34 475
35 24 34 54
40 30 32 473
32 24 36 471
32 24 34 61
24 41 39 467
29 24 55 466
29 24 53 458
47 14 25 465
45 14 25 401
28 24 56 347
29 25 17 461
47 36 35 459
45 36 35 372
25 49 18 447
44 20 16 455
42 20 16 454
42 18 16 64
18 41 18 435
28 12 37 452
26 12 37 414
43 36 35 450
41 36 36 242
17 37 13 449
17 37 11 410
25 39 43 448
25 37 43 319
30 49 33 444
30 25 13 443
28 25 14 137
23 49 33 442
23 47 33 75
17 46 14 441
19 28 39 440
19 28 37 339
46 41 40 439
23 48 29 438
23 48 27 431
18 42 16 334
46 39 39 434
46 39 37 140
26 15 40 433
25 21 15 432
25 21 13 345
23 48 25 195
34 26 15 373
40 37 33 191
32 18 32 424
32 16 32 281
41 26 25 56
32 24 38 417
32 54 38 400
25 41 43 415
26 10 37 413
47 19 19 412
47 19 17 360
15 37 12 295
28 36 48 409
28 34 46 128
34 26 36 408
32 26 36 404
38 20 19 72
33 26 34 291
46 39 41 403
26 25 59 402
24 25 58 70
33 54 36 335
20 44 17 399
27 48 22 394
25 48 22 222
24 37 39 392
24 35 39 308
27 49 20 391
30 18 38 390
30 18 36 155
30 29 16 389
28 29 16 370
29 26 21 388
29 24 21 212
21 28 38 387
27 21 13 385
26 23 16 217
27 39 45 382
25 50 21 381
23 50 21 252
31 27 15 380
31 27 13 243
42 30 32 379
43 30 27 378
41 30 27 233
24 46 34 369
28 34 52 374
29 32 52 305
26 13 40 371
26 11 40 310
28 28 14 354
44 40 33 368
29 49 20 366
35 28 34 365
47 42 40 364
48 41 37 182
36 49 34 363
34 49 34 352
28 33 54 362
13 28 6 264
47 19 15 81
42 38 35 357
41 32 27 356
34 28 18 355
26 10 42 353
24 10 42 349
35 49 32 258
22 14 35 90
24 8 42 199
26 19 13 232
25 42 44 344
25 42 42 290
20 9 37 340
20 7 37 73
48 45 38 336
33 50 37 206
42 38 37 316
32 49 32 332
32 47 32 173
27 27 22 330
27 25 23 229
30 38 14 329
30 36 14 280
21 11 39 328
21 9 39 124
34 24 35 327
45 36 39 326
45 34 39 250
40 20 21 325
38 20 21 244
22 28 27 324
23 28 26 317
32 34 14 323
30 34 14 93
29 31 36 322
29 31 34 207
26 40 45 321
46 34 34 318
44 34 34 276
20 28 25 188
44 40 35 78
28 23 37 315
28 21 37 122
29 20 37 311
28 35 49 313
26 53 29 312
26 51 29 67
26 9 40 273
27 50 21 309
24 33 39 237
48 34 34 306
29 17 33 304
25 48 29 303
23 48 31 297
30 18 32 302
30 16 32 9
34 49 36 301
32 49 36 299
47 21 17 300
34 47 36 274
22 14 39 298
20 14 38 184
16 35 11 213
20 14 41 293
20 12 41 172
37 31 17 292
37 31 15 117
23 9 39 289
29 24 23 288
30 20 53 285
30 20 51 119
49 30 29 284
31 47 35 283
23 25 42 279
27 36 40 278
26 36 41 277
29 24 37 275
27 24 37 134
24 9 40 255
24 20 51 272
22 20 51 3
24 22 51 271
22 22 51 262
42 21 18 270
42 22 16 204
32 20 52 269
50 18 23 267
40 34 37 265
11 28 7 83
44 33 38 263
42 33 38 168
24 49 23 249
22 13 42 259
34 19 34 257
34 19 32 16
25 10 39 197
22 9 37 254
22 7 37 234
48 39 39 253
48 39 37 174
43 35 39 187
24 48 24 248
24 46 23 100
45 35 37 247
43 35 37 171
26 28 18 246
40 32 34 158
39 35 37 209
22 14 41 241
20 15 40 185
37 26 40 239
29 28 10 238
29 26 10 112
24 11 41 236
28 25 37 235
26 20 11 4
33 47 38 231
33 47 36 215
35 24 36 227
27 23 18 219
40 28 14 224
38 26 14 150
41 21 22 223
41 19 22 178
31 25 12 221
32 53 31 218
32 51 31 163
25 24 15 216
25 23 13 166
30 47 36 136
37 30 14 214
13 36 12 170
37 21 35 211
37 21 33 99
36 31 14 208
34 30 14 97
42 33 40 205
23 13 39 183
44 33 36 202
42 33 36 192
32 23 39 201
26 46 23 200
26 20 51 196
23 49 24 165
29 25 59 194
27 25 61 190
49 16 25 193
49 16 23 154
42 48 35 189
45 47 35 86
26 48 26 186
21 12 38 76
43 32 27 181
41 34 27 59
22 21 53 180
43 37 39 179
43 37 37 176
41 17 22 36
45 19 16 177
34 32 14 175
27 27 14 169
42 20 19 167
21 48 24 84
22 11 38 164
41 18 24 161
37 21 37 160
51 16 23 159
37 23 33 157
30 21 34 151
34 16 32 153
38 28 14 114
16 20 38 149
16 18 38 120
45 13 19 147
43 13 19 48
23 22 21 2
31 24 10 145
29 24 12 94
25 13 34 144
23 13 34 95
16 16 38 143
16 14 38 17
50 20 19 142
42 50 37 141
42 48 37 121
32 25 22 139
32 25 20 55
26 27 57 138
30 26 22 135
30 26 20 63
20 14 36 133
20 14 34 98
22 46 25 131
21 46 23 42
43 32 29 130
41 34 29 68
30 26 24 129
26 34 42 104
31 37 44 127
31 37 42 123
21 48 21 126
29 21 32 105
28 20 51 10
36 50 32 118
36 48 32 107
37 31 13 51
49 19 15 116
37 27 14 50
45 15 19 111
43 15 19 38
47 32 29 110
45 32 29 102
47 15 19 109
36 26 36 108
23 46 22 106
44 20 19 103
36 16 32 101
35 21 34 45
20 12 34 24
20 7 39 96
23 11 34 82
44 23 20 91
36 29 19 89
36 29 17 77
22 10 42 88
23 10 38 87
25 21 58 85
9 28 7 6
40 19 17 74
38 19 17 11
42 24 26 71
42 22 26 58
26 23 58 66
43 15 17 69
41 15 17 14
47 15 17 65
45 15 17 62
30 24 20 25
33 22 36 32
44 26 19 60
44 24 19 26
42 23 24 22
25 15 43 57
21 13 43 52
35 26 32 43
16 22 38 49
41 13 19 20
50 18 17 47
48 18 17 21
47 13 19 46
34 22 33 33
45 17 17 44
43 17 17 35
16 24 38 40
34 19 36 39
41 15 19 30
30 19 34 37
30 20 32 12
32 19 33 34
32 19 31 31
44 25 21 29
16 18 40 28
49 20 17 27
27 15 30 5
43 15 21 23
42 11 19 18
44 12 17 7
16 18 36 8
24 20 53 15
24 20 55 13
16 16 35 1
27 24 53 406
27 24 54 406
35 46 24 156
35 48 24 156
35 47 24 156
36 43 24 156
36 44 24 156
37 45 24 156
36 45 24 156
37 46 24 156
36 46 24 156
28 26 56 464
27 26 56 464
26 26 56 464
28 27 56 464
19 46 14 358
20 46 15 358
19 46 15 358
20 46 16 358
18 36 14 287
18 36 13 287
18 35 12 287
18 35 13 287
20 35 12 287
20 36 12 287
19 36 12 287
18 36 12 287
18 36 11 287
19 35 13 287
19 35 14 287
19 35 12 287
18 35 11 287
18 35 10 287
18 34 12 287
17 36 14 287
17 35 14 287
28 42 33 397
28 41 31 397
28 41 32 397
28 41 33 397
28 38 26 397
28 38 27 397
28 37 27 397
28 36 26 397
28 35 26 397
28 36 27 397
28 39 27 397
28 39 28 397
28 40 29 397
28 40 28 397
28 40 27 397
28 40 30 397
28 40 31 397
27 30 39 397
26 29 39 397
27 29 39 397
27 31 34 397
26 31 35 397
26 30 37 397
26 31 37 397
26 31 36 397
26 32 37 397
27 33 35 397
27 32 35 397
27 31 35 397
27 34 35 397
27 35 35 397
27 35 34 397
26 30 35 397
27 29 37 397
26 29 37 397
26 29 38 397
27 36 35 397
25 31 37 397
24 37 31 397
24 37 32 397
24 36 31 397
24 38 31 397
24 39 31 397
25 38 32 397
25 37 32 397
25 37 31 397
24 39 34 397
24 39 33 397
24 38 35 397
24 38 34 397
23 38 35 397
25 36 35 397
25 37 35 397
25 38 35 397
23 37 35 397
25 38 34 397
26 37 34 397
26 39 34 397
26 38 34 397
25 38 33 397
23 39 32 397
23 39 33 397
22 38 33 397
22 39 33 397
23 40 33 397
23 41 33 397
19 41 29 397
19 41 28 397
19 39 28 397
19 40 28 397
20 40 28 397
20 40 29 397
20 41 28 397
21 40 27 397
22 40 28 397
21 40 28 397
21 41 29 397
21 40 29 397
22 42 27 397
21 42 27 397
21 41 27 397
18 40 28 397
18 40 27 397
18 39 26 397
18 39 27 397
18 38 28 397
18 39 28 397
18 38 30 397
18 38 31 397
18 39 30 397
18 39 29 397
18 37 28 397
19 37 27 397
19 37 28 397
20 39 26 397
19 39 26 397
19 39 27 397
21 40 26 397
20 40 26 397
20 41 26 397
20 42 26 397
19 41 27 397
19 41 26 397
20 40 30 397
19 40 30 397
18 40 30 397
22 40 30 397
21 40 30 397
21 39 30 397
23 40 30 397
18 40 31 397
18 41 31 397
18 43 30 397
18 43 31 397
18 42 31 397
19 43 30 397
19 43 29 397
19 42 29 397
20 42 30 397
20 41 31 397
20 42 31 397
20 43 30 397
20 43 29 397
21 43 29 397
20 44 29 397
20 44 28 397
21 43 30 397
19 42 28 397
21 40 31 397
20 39 32 397
20 40 32 397
20 40 31 397
22 40 32 397
21 40 32 397
22 39 32 397
21 39 32 397
21 39 31 397
20 42 32 397
20 45 28 397
20 46 26 397
20 46 27 397
20 45 27 397
19 47 27 397
19 46 27 397
19 46 26 397
19 45 26 397
20 45 26 397
19 44 27 397
19 45 27 397
20 45 29 397
20 46 29 397
26 39 33 397
25 40 33 397
24 40 33 397
25 39 33 397
25 39 32 397
25 39 34 397
26 37 35 397
27 37 35 397
26 38 35 397
27 38 36 397
27 38 35 397
27 39 33 397
27 38 33 397
26 41 33 397
26 41 32 397
26 42 32 397
26 42 33 397
26 40 33 397
27 42 33 397
27 42 34 397
27 41 32 397
28 45 32 397
27 45 31 397
26 45 32 397
27 45 32 397
27 44 34 397
26 45 34 397
27 45 34 397
27 45 33 397
27 44 33 397
26 44 34 397
26 43 34 397
26 42 34 397
25 42 34 397
26 42 35 397
28 30 41 397
28 30 40 397
28 29 40 397
28 29 39 397
28 35 35 397
28 35 34 397
28 38 35 397
28 38 36 397
28 37 36 397
28 37 35 397
28 39 35 397
28 37 34 397
28 38 32 397
28 38 33 397
28 37 33 397
17 43 31 397
17 42 31 397
29 42 33 397
29 45 32 397
29 44 31 397
29 44 30 397
29 44 32 397
29 43 32 397
30 43 33 397
29 43 33 397
29 37 28 397
29 37 27 397
29 36 26 397
29 37 26 397
29 38 28 397
29 39 28 397
29 40 28 397
29 40 29 397
30 40 32 397
30 40 31 397
29 40 31 397
29 40 32 397
30 40 30 397
29 40 30 397
31 41 32 397
30 41 32 397
30 42 31 397
30 41 31 397
31 42 31 397
29 41 32 397
31 40 33 397
31 40 32 397
31 40 31 397
32 42 32 397
32 42 31 397
32 41 32 397
29 30 41 397
29 32 41 397
30 32 41 397
31 32 41 397
30 33 41 397
29 33 40 397
29 32 40 397
29 31 41 397
30 35 41 397
29 35 41 397
30 34 41 397
29 30 40 397
29 29 40 397
29 30 42 397
29 30 43 397
29 31 43 397
28 32 44 397
28 32 45 397
28 31 45 397
28 30 44 397
28 30 45 397
28 32 43 397
29 31 45 397
30 32 44 397
30 32 45 397
29 32 45 397
30 32 43 397
30 31 43 397
31 31 43 397
31 32 42 397
31 32 43 397
29 32 42 397
18 39 25 397
46 27 34 419
45 28 33 419
45 27 33 419
46 27 33 419
46 28 33 419
46 30 33 419
46 29 33 419
45 30 33 419
45 29 33 419
24 13 37 483
24 12 37 483
24 11 37 483
25 13 37 483
28 22 11 487
29 22 11 487
29 22 12 487
29 22 13 487
13 28 9 361
13 28 8 361
25 47 18 79
24 47 18 79
23 28 28 132
24 28 28 132
24 28 29 132
25 28 29 132
24 27 28 132
23 27 28 132
24 25 29 132
24 25 28 132
24 26 28 132
24 26 29 132
25 25 28 132
25 26 28 132
38 49 29 426
40 49 29 426
39 49 29 426
39 49 28 426
40 49 30 426
39 50 29 426
39 51 29 426
38 51 30 426
38 51 28 426
38 51 29 426
37 51 29 426
37 51 28 426
37 53 29 426
37 52 29 426
39 48 26 426
39 50 26 426
39 49 26 426
39 48 27 426
39 49 27 426
39 51 27 426
39 50 27 426
38 49 27 426
37 49 28 426
38 49 28 426
38 50 27 426
37 50 26 426
37 50 27 426
39 52 23 426
40 52 23 426
40 51 23 426
40 51 22 426
40 50 22 426
40 51 24 426
39 51 24 426
40 50 24 426
40 50 23 426
39 51 25 426
38 51 25 426
38 52 25 426
39 50 23 426
39 50 24 426
39 50 25 426
38 48 24 426
37 48 24 426
37 48 23 426
38 48 23 426
38 49 23 426
38 50 23 426
37 50 25 426
37 51 25 426
37 51 24 426
37 51 23 426
37 50 24 426
38 51 31 426
36 50 24 426
33 48 27 491
33 48 28 491
33 49 28 491
35 51 28 491
35 52 28 491
35 52 29 491
35 51 29 491
34 52 29 491
34 52 28 491
34 51 29 491
34 52 27 491
33 52 27 491
35 52 27 491
34 52 26 491
35 49 28 491
35 50 28 491
35 50 27 491
34 50 28 491
33 50 28 491
33 50 29 491
33 51 29 491
33 47 28 491
32 47 28 491
24 42 23 375
24 42 24 375
24 43 26 375
24 44 26 375
23 43 26 375
24 42 26 375
24 42 25 375
41 32 30 423
41 32 29 423
34 29 15 430
34 28 15 430
33 29 15 430
33 28 15 430
22 45 19 411
22 45 20 411
22 44 20 411
22 40 20 411
22 39 20 411
22 41 20 411
22 42 20 411
22 43 20 411
22 43 19 411
22 38 20 411
22 38 19 411
22 44 21 411
22 44 22 411
22 45 22 411
22 42 21 411
22 43 21 411
22 38 21 411
22 37 21 411
21 45 19 411
20 46 19 411
21 46 19 411
20 45 19 411
21 39 20 411
21 38 19 411
21 38 20 411
21 41 20 411
14 38 25 268
14 39 23 268
14 39 24 268
14 39 25 268
14 40 24 268
14 40 22 268
14 40 23 268
14 39 20 268
14 39 21 268
14 40 21 268
14 38 21 268
14 40 20 268
13 39 24 268
13 40 20 268
47 23 26 492
47 24 26 492
48 23 26 492
48 24 26 492
36 25 18 343
36 25 17 343
36 25 16 343
36 26 16 343
36 26 15 343
36 26 14 343
36 24 19 343
36 25 19 343
40 22 19 485
40 21 19 485
42 38 33 425
42 37 33 425
19 44 14 320
18 44 14 320
17 44 14 320
30 26 17 367
30 26 15 367
30 26 16 367
26 27 55 463
24 27 55 463
25 27 55 463
18 31 6 469
18 30 5 469
18 30 6 469
17 30 6 469
16 30 6 469
16 30 5 469
16 30 4 469
44 45 35 228
45 45 35 228
44 46 36 228
44 45 36 228
44 45 37 228
44 46 37 228
44 45 39 228
44 46 39 228
44 47 39 228
44 46 38 228
45 45 38 228
45 45 39 228
45 45 37 228
45 44 38 228
45 46 38 228
45 46 40 228
45 46 39 228
45 43 36 228
45 43 37 228
45 44 37 228
44 44 37 228
20 12 37 162
20 11 37 162
25 28 22 422
25 28 21 422
26 28 21 422
26 14 41 210
25 14 41 210
47 20 20 499
47 21 20 499
32 46 34 294
32 47 34 294
32 48 34 294
32 49 34 294
18 42 11 225
18 42 12 225
18 41 11 225
19 41 12 225
18 41 12 225
18 43 12 225
19 43 13 225
19 43 12 225
21 43 11 225
20 43 11 225
20 43 12 225
18 40 12 225
34 54 38 416
34 52 38 416
34 53 38 416
21 29 21 282
21 29 22 282
20 29 23 282
21 29 23 282
23 29 23 282
23 29 22 282
22 29 23 282
21 28 21 282
22 28 23 282
24 28 23 282
23 28 23 282
23 28 22 282
22 29 24 282
22 28 24 282
21 30 23 282
25 53 42 240
24 53 43 240
25 53 43 240
20 42 17 384
20 42 16 384
30 47 33 92
30 46 33 92
27 37 46 125
26 37 46 125
26 37 47 125
26 38 46 125
27 38 46 125
27 38 47 125
26 38 47 125
26 38 48 125
27 37 47 125
28 38 47 125
28 37 46 125
28 37 47 125
28 39 47 125
29 39 47 125
43 26 26 420
43 26 25 420
39 29 39 460
38 29 39 460
32 30 39 220
33 30 39 220
33 29 40 220
33 29 39 220
35 29 39 220
34 28 39 220
34 29 39 220
35 28 39 220
33 30 40 220
32 32 39 220
32 31 40 220
32 31 39 220
35 27 39 220
21 40 23 359
21 40 22 359
22 40 22 359
21 39 22 359
22 40 23 359
22 39 25 359
22 39 24 359
22 39 23 359
21 41 22 359
21 41 23 359
33 26 13 351
34 26 13 351
27 40 44 418
28 40 44 418
27 40 43 418
27 39 43 418
29 40 44 418
29 41 44 418
29 44 44 418
29 43 44 418
29 42 43 418
29 42 44 418
29 46 43 418
29 46 44 418
29 45 43 418
29 45 44 418
29 44 43 418
28 44 43 418
28 44 44 418
30 42 44 418
30 41 44 418
30 44 44 418
30 44 43 418
29 48 44 418
29 48 43 418
28 48 42 418
28 47 42 418
27 48 42 418
29 48 42 418
27 49 42 418
28 54 42 418
27 53 42 418
27 54 42 418
27 52 42 418
27 52 41 418
27 51 42 418
27 50 42 418
29 48 38 418
27 50 35 418
27 49 35 418
27 50 34 418
27 49 36 418
28 50 37 418
29 49 37 418
28 49 37 418
27 49 37 418
28 48 39 418
28 49 39 418
29 49 39 418
29 49 38 418
29 50 39 418
29 50 40 418
29 50 41 418
28 50 40 418
28 49 41 418
28 49 40 418
27 49 41 418
27 49 40 418
28 47 43 418
27 54 43 418
29 53 43 418
28 53 43 418
28 53 44 418
28 54 44 418
28 54 43 418
27 51 43 418
30 47 43 418
30 47 44 418
30 48 44 418
30 48 43 418
30 46 43 418
30 46 44 418
29 46 45 418
28 45 45 418
28 45 46 418
29 45 46 418
28 46 46 418
29 45 45 418
30 45 45 418
30 41 45 418
30 42 45 418
30 41 46 418
29 53 45 418
28 53 45 418
27 53 45 418
25 48 42 418
26 48 42 418
26 49 42 418
25 52 41 418
26 52 41 418
26 51 42 418
26 52 42 418
25 48 40 418
25 49 40 418
24 49 40 418
26 49 39 418
26 49 40 418
31 44 43 418
31 43 44 418
31 44 44 418
31 42 45 418
20 23 38 348
21 22 38 348
20 22 38 348
20 22 39 348
20 23 39 348
20 24 39 348
22 25 40 348
23 25 40 348
22 24 39 348
22 25 39 348
21 25 39 348
20 25 39 348
19 25 39 348
20 20 40 348
20 20 39 348
20 21 40 348
20 21 39 348
21 21 40 348
20 21 38 348
19 21 38 348
18 18 38 348
19 18 38 348
18 19 38 348
19 19 38 348
19 20 38 348
18 19 39 348
19 20 39 348
18 20 40 348
18 20 39 348
19 16 38 348
20 18 39 348
20 17 39 348
20 17 38 348
21 17 39 348
21 18 39 348
21 18 40 348
19 17 38 348
18 17 38 348
19 26 39 348
19 26 38 348
21 26 39 348
20 26 39 348
20 26 38 348
23 25 34 348
22 25 35 348
21 25 35 348
22 25 34 348
21 24 35 348
21 23 35 348
21 21 35 348
20 22 35 348
21 22 34 348
20 22 34 348
21 22 35 348
20 22 37 348
20 22 36 348
22 24 34 348
22 24 35 348
22 24 36 348
22 22 37 348
22 23 37 348
22 23 36 348
20 24 35 348
20 25 35 348
19 25 34 348
20 25 34 348
20 23 35 348
19 19 37 348
22 27 47 286
22 28 48 286
20 28 48 286
21 28 48 286
22 27 48 286
21 27 48 286
21 27 47 286
19 27 47 286
19 28 47 286
19 27 46 286
18 28 47 286
18 27 47 286
18 27 48 286
20 27 47 286
22 26 47 286
19 26 46 286
38 26 32 489
41 26 32 489
41 27 32 489
40 26 31 489
40 27 31 489
41 27 31 489
39 27 32 489
40 27 32 489
40 26 32 489
39 26 32 489
40 28 31 489
38 26 33 489
39 26 33 489
37 26 33 489
37 27 34 489
37 26 34 489
37 28 34 489
37 30 34 489
37 29 34 489
36 29 34 489
32 45 41 470
32 44 41 470
32 44 42 470
32 45 39 470
32 44 39 470
30 43 39 470
30 42 39 470
30 42 40 470
30 43 40 470
31 44 40 470
30 44 40 470
30 44 39 470
32 44 40 470
32 45 40 470
32 42 39 470
31 42 39 470
32 43 39 470
32 43 41 470
31 43 42 470
31 43 41 470
31 43 40 470
31 42 40 470
30 43 41 470
30 44 41 470
32 39 40 470
32 40 40 470
32 39 39 470
32 41 40 470
32 42 40 470
30 41 40 470
31 41 40 470
33 44 41 470
33 44 42 470
33 43 42 470
34 43 42 470
35 45 41 470
35 45 42 470
35 44 41 470
35 44 42 470
35 43 42 470
36 43 42 470
29 43 39 470
30 44 38 470
30 43 38 470
31 43 38 470
32 43 38 470
31 23 37 490
31 23 36 490
22 26 17 493
22 24 17 493
22 25 17 493
22 23 17 493
21 23 17 493
37 41 40 113
37 41 41 113
37 41 39 113
37 43 40 113
37 42 40 113
38 42 40 113
38 42 39 113
39 42 43 113
39 42 42 113
39 42 41 113
38 42 41 113
38 43 39 113
38 42 42 113
38 43 38 113
37 42 38 113
37 44 38 113
37 43 38 113
39 43 39 113
40 44 39 113
40 44 40 113
39 44 39 113
39 44 40 113
37 38 38 113
37 39 38 113
37 40 38 113
38 40 39 113
37 40 39 113
37 39 39 113
37 32 47 113
37 29 44 113
37 31 45 113
37 30 45 113
37 30 44 113
37 33 44 113
37 32 44 113
37 32 45 113
37 32 46 113
38 32 44 113
39 33 45 113
40 33 45 113
39 32 45 113
38 32 45 113
39 34 45 113
39 34 44 113
39 36 41 113
39 35 42 113
39 34 42 113
39 36 42 113
40 35 43 113
40 35 42 113
40 34 42 113
39 34 43 113
38 36 42 113
38 35 42 113
37 35 42 113
39 34 40 113
38 35 40 113
38 34 40 113
39 35 40 113
38 35 41 113
38 36 41 113
37 35 41 113
38 36 40 113
37 37 39 113
38 37 39 113
38 36 39 113
38 35 38 113
38 35 39 113
38 33 39 113
37 33 39 113
38 33 40 113
38 33 38 113
38 32 40 113
38 32 38 113
39 31 38 113
38 31 38 113
39 32 38 113
38 31 37 113
39 31 37 113
39 29 36 113
39 29 37 113
38 29 36 113
38 29 37 113
37 30 36 113
38 30 36 113
39 30 36 113
37 31 36 113
38 31 36 113
39 31 35 113
39 31 36 113
38 32 36 113
37 32 36 113
37 32 34 113
38 33 34 113
39 33 34 113
37 33 34 113
39 33 33 113
39 32 33 113
38 32 33 113
37 32 35 113
37 32 33 113
37 33 33 113
38 34 33 113
38 33 33 113
37 34 33 113
38 35 33 113
38 35 34 113
37 35 34 113
39 34 34 113
39 35 34 113
37 35 33 113
38 35 35 113
38 37 36 113
38 37 34 113
38 37 35 113
38 36 35 113
39 37 36 113
40 34 35 113
40 35 35 113
39 35 35 113
39 36 35 113
39 37 35 113
38 40 34 113
37 39 35 113
38 39 35 113
38 39 34 113
39 39 34 113
38 39 36 113
38 38 36 113
39 38 36 113
39 38 35 113
39 38 34 113
38 39 37 113
38 39 38 113
38 40 38 113
40 36 35 113
40 36 36 113
38 45 39 113
38 45 40 113
37 45 39 113
37 44 39 113
37 46 39 113
37 47 39 113
37 46 38 113
38 28 44 113
37 28 44 113
37 27 44 113
36 39 38 113
35 30 50 113
35 29 50 113
36 29 49 113
35 29 49 113
36 32 48 113
36 31 48 113
36 31 49 113
36 30 49 113
34 30 49 113
35 30 49 113
36 32 47 113
34 31 49 113
34 30 48 113
34 31 48 113
36 33 48 113
36 33 47 113
36 34 46 113
36 33 46 113
36 31 46 113
36 32 46 113
36 28 49 113
36 26 48 113
36 26 49 113
36 27 49 113
35 27 50 113
35 27 49 113
36 37 39 113
35 32 34 113
35 32 35 113
35 32 36 113
36 32 36 113
35 33 37 113
35 33 36 113
36 33 36 113
35 31 36 113
36 31 36 113
35 32 37 113
35 31 37 113
36 32 34 113
36 33 34 113
34 34 34 113
34 34 35 113
34 33 35 113
34 35 34 113
35 35 34 113
36 35 34 113
36 28 44 113
35 28 45 113
36 28 45 113
35 29 45 113
34 29 46 113
34 29 45 113
34 30 46 113
33 35 34 113
33 34 34 113
41 44 39 113
42 45 39 113
43 45 39 113
41 43 38 113
42 43 38 113
42 43 40 113
42 43 39 113
42 44 39 113
42 44 35 113
42 43 35 113
43 43 35 113
42 45 35 113
43 45 37 113
43 44 37 113
43 44 36 113
42 44 36 113
42 44 37 113
42 43 37 113
43 43 37 113
43 44 38 113
43 44 39 113
43 42 37 113
43 41 36 113
43 41 37 113
40 42 38 113
40 41 38 113
41 41 38 113
41 42 38 113
41 42 39 113
41 41 39 113
41 33 45 113
42 33 45 113
41 35 43 113
41 35 42 113
41 34 43 113
42 34 42 113
41 34 42 113
41 34 41 113
41 36 40 113
41 36 41 113
41 35 41 113
42 35 41 113
42 36 41 113
42 36 42 113
42 37 42 113
49 21 20 398
49 20 20 398
25 32 51 19
24 30 52 19
24 31 52 19
25 31 52 19
24 30 53 19
25 30 55 19
24 30 55 19
24 30 54 19
23 30 55 19
25 32 52 19
24 32 53 19
25 32 53 19
25 33 51 19
25 33 52 19
25 33 50 19
25 35 52 19
25 34 52 19
23 29 56 19
23 29 57 19
22 29 55 19
23 29 55 19
25 29 55 19
25 29 52 19
25 29 53 19
25 29 54 19
21 28 56 19
21 28 55 19
22 28 55 19
22 28 56 19
23 28 56 19
26 35 53 19
26 34 53 19
26 33 53 19
26 35 51 19
26 35 52 19
26 29 52 19
27 29 52 19
27 29 51 19
47 43 39 472
47 44 39 472
47 18 26 474
45 16 26 474
46 16 26 474
47 16 26 474
47 17 26 474
44 16 26 474
20 43 20 256
20 43 19 256
19 43 19 256
20 44 21 256
20 44 23 256
20 44 22 256
20 45 22 256
20 43 21 256
29 49 18 338
30 49 18 338
22 25 15 477
22 24 15 477
23 48 35 376
24 48 35 376
24 49 35 376
25 55 42 446
25 55 41 446
48 19 24 496
48 17 24 496
48 18 24 496
49 19 24 496
32 47 42 480
32 47 43 480
32 46 42 480
32 47 44 480
32 45 44 480
32 46 44 480
27 26 19 226
27 25 21 226
27 26 21 226
27 26 20 226
27 25 20 226
27 25 19 226
27 25 15 383
27 25 16 383
26 25 17 383
26 27 17 383
26 26 17 383
27 25 17 383
46 41 37 396
46 41 38 396
27 27 53 486
28 26 53 486
28 27 53 486
27 27 52 486
28 26 54 486
18 45 18 453
18 47 18 453
18 46 18 453
18 43 18 453
18 44 18 453
18 45 17 453
44 40 38 333
44 41 38 333
29 31 47 437
28 30 48 437
28 31 48 437
28 32 47 437
28 32 48 437
29 33 47 437
28 33 47 437
28 30 47 437
28 31 49 437
28 32 49 437
28 31 50 437
28 30 50 437
28 30 51 437
28 33 50 437
28 32 50 437
29 32 50 437
29 33 50 437
29 31 50 437
28 32 51 437
29 32 47 437
28 29 50 437
30 32 50 437
27 30 48 437
27 30 47 437
27 29 48 437
25 30 50 437
26 30 50 437
27 30 50 437
27 29 50 437
27 29 49 437
26 29 48 437
26 29 49 437
25 29 47 437
25 29 48 437
27 28 48 437
26 28 48 437
25 28 47 437
26 28 47 437
25 27 47 437
24 27 47 437
25 26 47 437
25 26 46 437
24 26 47 437
27 32 49 437
42 30 30 337
41 30 30 337
40 30 30 337
17 39 12 436
17 39 11 436
26 41 22 468
26 41 23 468
25 40 23 468
25 41 23 468
25 41 24 468
26 40 25 468
26 40 24 468
26 41 24 468
25 40 24 468
24 40 25 468
25 40 25 468
24 40 24 468
25 40 26 468
25 41 26 468
26 41 26 468
25 41 25 468
26 41 25 468
27 41 22 468
28 41 22 468
28 41 23 468
29 41 23 468
28 43 23 468
28 43 24 468
28 42 23 468
18 33 6 462
19 34 6 462
18 34 6 462
17 33 6 462
17 34 6 462
26 22 57 495
25 22 57 495
25 39 39 307
24 39 39 307
28 25 58 428
27 24 58 428
27 25 58 428
34 25 20 296
34 26 20 296
34 28 13 427
33 29 13 427
33 28 13 427
28 27 17 80
28 27 16 80
26 25 20 146
26 24 20 146
25 24 20 146
25 24 21 146
25 24 22 146
25 24 23 146
25 25 22 146
26 25 22 146
26 25 21 146
26 25 23 146
25 26 20 146
25 26 21 146
25 26 22 146
25 26 23 146
23 26 22 146
24 26 22 146
23 26 23 146
26 26 23 146
26 23 20 146
33 26 18 395
34 25 18 395
34 26 18 395
34 26 17 395
34 25 17 395
33 25 17 395
33 27 18 395
33 27 17 395
27 37 23 405
27 39 20 405
27 38 21 405
27 39 21 405
27 38 22 405
26 38 21 405
26 37 21 405
26 39 21 405
24 35 22 405
24 36 22 405
25 35 22 405
25 36 22 405
25 34 22 405
24 34 22 405
24 34 21 405
25 35 21 405
25 37 20 405
25 36 20 405
25 35 20 405
25 36 21 405
24 35 21 405
26 36 21 405
27 36 20 405
27 36 19 405
26 36 20 405
26 35 20 405
24 33 21 405
23 31 21 405
22 31 21 405
21 31 21 405
22 31 22 405
23 31 22 405
23 32 22 405
23 32 23 405
24 31 23 405
24 31 22 405
24 32 22 405
24 32 23 405
24 33 23 405
24 32 21 405
25 32 21 405
28 39 21 405
28 37 20 405
28 38 20 405
28 38 21 405
28 38 22 405
30 37 21 405
29 36 22 405
29 37 22 405
30 37 22 405
28 37 22 405
30 36 22 405
28 37 23 405
28 36 19 405
29 37 19 405
28 37 19 405
32 38 21 405
31 38 21 405
31 37 21 405
32 37 19 405
31 37 19 405
31 37 20 405
22 16 35 41
22 17 35 41
22 17 34 41
21 17 35 41
21 16 35 41
20 17 36 41
20 16 36 41
20 16 34 41
20 16 35 41
19 16 36 41
26 17 34 41
27 17 34 41
26 17 35 41
27 16 35 41
27 17 35 41
27 17 36 41
26 17 36 41
24 17 35 41
24 17 36 41
25 17 36 41
23 17 36 41
23 17 35 41
27 17 33 41
27 17 32 41
26 17 32 41
26 18 34 41
27 18 34 41
26 17 33 41
26 18 33 41
27 17 37 41
23 17 37 41
25 47 32 429
25 48 32 429
45 18 22 148
46 18 22 148
47 18 22 148
47 17 22 148
46 17 22 148
43 18 22 148
44 18 22 148
43 19 22 148
44 19 22 148
43 18 23 148
43 18 24 148
44 18 23 148
43 19 24 148
43 19 23 148
30 35 35 484
31 36 35 484
31 35 35 484
30 38 35 484
30 37 35 484
32 39 37 484
31 38 37 484
31 39 37 484
31 39 35 484
31 39 36 484
31 38 36 484
31 38 35 484
31 37 35 484
31 40 36 484
30 40 35 484
31 40 35 484
30 35 33 484
30 34 33 484
31 35 33 484
31 35 34 484
31 40 34 484
30 40 34 484
28 40 34 484
29 40 34 484
30 51 28 498
31 51 28 498
31 51 29 498
31 52 30 498
31 51 30 498
47 21 24 342
47 21 25 342
46 21 23 342
47 21 23 342
46 21 22 342
18 31 8 445
18 31 9 445
17 31 9 445
17 31 8 445
16 31 9 445
16 31 8 445
16 29 8 445
16 29 9 445
15 29 9 445
15 30 9 445
16 28 9 445
15 28 8 445
16 28 8 445
16 30 9 445
15 28 9 445
17 29 9 445
17 28 9 445
18 28 9 445
19 28 9 445
23 30 9 445
23 29 9 445
22 29 8 445
22 28 9 445
22 29 9 445
22 27 9 445
23 27 9 445
21 28 8 445
22 28 8 445
21 28 9 445
21 27 9 445
20 27 9 445
19 27 9 445
19 29 9 445
23 26 9 445
19 26 9 445
20 25 9 445
19 25 9 445
26 26 9 445
25 26 9 445
25 26 8 445
24 26 8 445
24 26 9 445
26 27 9 445
25 25 8 445
25 25 9 445
26 25 9 445
24 25 9 445
24 25 8 445
15 28 10 445
17 28 10 445
18 28 10 445
23 29 10 445
23 29 11 445
19 29 10 445
20 30 10 445
19 30 10 445
19 30 11 445
19 25 10 445
24 25 7 445
26 48 20 488
26 46 20 488
26 47 20 488
27 47 20 488
27 46 20 488
25 47 20 488
47 42 37 346
47 43 37 346
47 44 37 346
47 46 37 346
47 45 37 346
47 46 38 346
23 24 13 331
22 24 13 331
22 25 12 331
22 24 12 331
21 24 12 331
21 24 13 331
21 25 13 331
24 24 13 331
23 27 11 331
23 26 11 331
25 26 12 331
25 26 13 331
24 26 13 331
26 26 13 331
27 26 13 331
25 26 11 331
24 26 11 331
26 26 11 331
24 25 11 331
25 25 12 331
24 25 12 331
24 25 13 331
26 25 11 331
27 24 11 331
27 25 11 331
26 25 13 331
27 25 13 331
26 24 13 331
27 24 13 331
28 24 11 331
24 24 14 331
38 27 38 260
38 26 38 260
38 27 36 260
38 27 37 260
38 26 36 260
38 27 35 260
38 26 35 260
26 38 23 386
25 38 23 386
24 38 24 386
25 38 24 386
16 28 6 251
15 28 6 251
17 28 15 457
19 28 15 457
18 28 15 457
18 29 15 457
18 30 15 457
18 30 16 457
19 30 15 457
19 31 15 457
19 31 16 457
19 27 15 457
19 27 16 457
19 26 17 457
19 26 16 457
20 26 16 457
19 26 15 457
20 25 16 457
19 24 15 457
18 24 15 457
19 25 15 457
18 23 15 457
19 23 15 457
17 33 14 457
17 32 14 457
17 32 12 457
17 32 13 457
17 31 13 457
18 31 13 457
18 31 12 457
18 32 13 457
18 32 14 457
16 33 14 457
16 32 14 457
15 32 14 457
16 31 14 457
17 31 14 457
18 31 14 457
18 30 14 457
17 30 13 457
17 29 13 457
17 29 14 457
17 30 14 457
19 28 14 457
20 28 14 457
18 27 14 457
18 28 14 457
18 29 14 457
19 27 13 457
19 27 14 457
19 27 12 457
17 32 15 457
19 23 14 457
19 22 14 457
19 21 14 457
20 21 13 457
20 20 14 457
20 21 14 457
18 22 13 457
19 22 13 457
19 23 13 457
18 23 14 457
17 21 13 457
16 21 13 457
16 22 13 457
16 22 14 457
16 23 14 457
17 23 14 457
16 24 14 457
17 24 14 457
22 14 37 350
22 13 37 350
30 37 31 377
30 38 31 377
30 38 32 377
30 38 33 377
25 27 52 421
25 27 53 421
25 22 11 152
26 22 11 152
23 48 20 341
23 47 20 341
39 28 29 393
40 28 29 393
40 28 28 393
40 27 28 393
41 27 29 393
40 27 29 393
42 28 29 393
42 27 29 393
42 26 28 393
41 26 28 393
42 27 28 393
41 28 28 393
42 28 28 393
43 26 29 393
43 27 29 393
44 26 29 393
43 26 28 393
42 25 28 393
42 25 29 393
44 25 29 393
39 29 29 393
39 30 29 393
42 28 30 393
45 28 31 393
44 28 31 393
46 28 31 393
43 28 31 393
43 28 30 393
43 27 30 393
46 29 31 393
46 30 31 393
47 30 30 393
46 30 30 393
42 25 30 393
31 20 38 314
31 21 38 314
31 20 37 314
31 21 37 314
26 48 24 261
27 48 24 261
47 28 24 478
47 27 22 478
46 27 23 478
47 27 23 478
47 27 24 478
47 28 23 478
45 26 23 478
45 28 23 478
45 27 23 478
46 25 23 478
46 26 23 478
45 25 23 478
45 26 24 478
46 26 24 478
46 25 24 478
46 27 24 478
45 27 24 478
46 23 24 478
46 24 24 478
47 24 24 478
47 23 24 478
47 24 23 478
46 23 22 478
46 23 23 478
48 24 23 478
30 49 29 266
30 48 28 266
30 49 28 266
31 49 28 266
29 49 29 266
28 49 29 266
29 49 28 266
30 49 30 266
30 48 30 266
29 49 30 266
28 50 29 266
46 19 24 451
46 18 24 451
26 22 52 115
26 22 54 115
26 22 53 115
27 22 53 115
27 22 54 115
27 21 53 115
26 21 53 115
26 21 52 115
26 22 55 115
25 22 55 115
25 23 55 115
29 22 52 501
29 22 53 501
