20 24 41 1001
31 34 52 1000
31 32 52 927
30 62 42 999
28 62 42 836
21 36 6 998
19 36 6 966
34 47 28 636
22 22 34 971
31 47 50 990
45 29 26 989
41 35 47 987
39 35 47 827
17 29 9 986
15 29 9 445
38 49 25 985
38 49 23 426
26 30 59 796
20 36 14 983
18 36 14 735
31 51 49 982
19 25 15 896
31 22 11 980
29 22 11 487
24 27 30 972
24 25 30 893
29 25 16 682
37 26 16 742
19 34 6 725
43 26 27 963
43 26 25 420
38 28 36 962
38 26 36 260
32 29 14 960
32 27 14 944
24 15 37 959
24 13 37 705
38 52 30 958
36 52 30 925
39 37 47 957
21 39 12 955
29 34 51 952
29 32 52 816
22 45 13 951
20 45 13 702
40 48 25 950
40 48 23 719
23 39 12 949
34 31 41 947
34 29 41 629
44 47 40 943
44 45 40 776
18 23 15 888
34 56 38 940
34 54 38 531
45 33 33 939
45 31 33 899
20 29 24 579
17 39 14 784
30 44 46 848
27 22 56 931
25 22 56 775
16 33 10 928
16 33 8 850
21 24 14 926
21 24 12 331
34 52 30 780
48 29 23 872
20 29 50 849
26 48 20 912
16 31 9 907
27 28 13 919
19 28 19 918
18 36 12 916
18 36 10 505
13 28 10 915
13 28 8 361
33 43 23 913
28 30 59 878
46 20 25 908
46 18 25 451
20 27 12 835
16 39 25 905
16 39 23 763
30 56 43 885
18 43 14 768
34 40 41 901
32 40 41 828
49 16 26 900
45 29 33 870
24 31 25 898
24 31 23 856
23 27 50 897
21 27 50 843
37 51 39 895
31 41 47 894
32 46 25 892
32 46 23 842
31 59 43 891
29 59 43 622
45 49 39 890
45 47 39 709
15 40 26 889
15 38 26 746
23 40 21 887
23 38 21 822
26 33 23 886
24 33 23 867
38 28 41 884
38 26 41 667
18 49 18 883
18 47 18 680
28 26 59 882
26 26 59 464
32 34 39 880
32 32 39 678
34 25 19 689
28 42 45 874
28 40 45 574
44 35 46 873
42 35 46 798
28 41 49 736
45 27 33 419
44 45 35 868
22 32 23 581
41 53 22 865
41 51 22 654
26 28 29 864
24 47 19 863
24 45 19 710
29 32 50 862
29 32 48 769
18 46 19 861
32 50 44 858
32 50 42 542
16 30 4 469
21 39 22 359
20 16 34 41
29 44 41 758
28 34 40 846
19 48 16 845
19 48 14 358
31 22 39 844
31 20 39 642
20 20 15 526
26 50 20 840
25 46 27 839
25 44 27 786
29 62 46 838
49 19 22 837
47 19 22 646
28 60 42 817
21 48 17 833
21 48 15 677
21 18 37 832
21 16 38 756
24 25 41 831
35 40 22 830
36 38 22 692
32 38 41 781
39 36 45 727
22 45 11 826
20 45 11 562
20 25 18 825
21 23 17 738
47 33 33 824
47 31 33 794
18 45 12 823
18 43 12 662
23 38 19 693
18 26 18 821
18 23 17 584
29 28 59 820
30 26 59 800
29 43 22 818
27 43 22 567
32 44 49 815
32 51 32 814
32 51 30 761
26 39 39 813
24 39 39 307
26 31 40 801
29 28 55 811
27 28 55 809
25 24 56 810
28 26 55 771
30 39 48 808
28 39 48 648
22 25 39 807
21 36 13 806
47 47 35 805
45 47 35 519
17 32 16 804
30 42 22 802
28 41 22 726
20 43 14 799
45 18 24 797
45 18 22 655
17 36 6 795
17 34 6 462
47 29 33 753
22 23 37 694
18 45 17 453
26 57 44 790
26 57 42 587
20 45 21 556
37 54 31 788
35 54 30 741
27 14 41 787
25 14 41 210
23 44 27 733
17 37 14 613
32 50 34 783
32 48 34 696
26 41 26 782
26 41 24 548
34 50 30 598
28 41 25 778
45 49 37 777
46 48 37 686
28 28 14 774
26 28 14 652
17 44 33 772
17 42 33 397
27 27 54 486
34 38 21 767
33 38 19 555
38 47 24 765
38 45 24 700
14 39 24 576
21 47 19 762
21 45 19 411
32 51 28 617
20 27 17 760
49 44 37 759
48 42 37 346
19 46 15 757
17 46 15 320
19 16 37 691
21 42 24 755
21 40 24 577
25 24 14 695
47 27 33 564
26 55 41 536
21 46 15 751
27 40 23 750
25 39 23 386
47 45 39 749
48 43 39 472
27 22 11 748
25 22 11 152
21 28 57 747
21 28 55 19
36 39 22 745
33 25 17 395
28 27 57 743
26 27 58 615
36 24 19 343
34 31 39 740
34 29 39 523
32 53 30 739
19 26 22 737
22 45 15 732
37 28 16 731
37 28 14 685
36 26 13 730
34 26 13 351
19 33 10 729
19 32 8 670
27 28 21 728
25 28 21 422
26 41 22 639
46 24 22 478
19 32 19 723
28 39 50 722
26 39 50 619
31 26 60 721
27 26 61 508
47 20 26 718
47 18 26 676
29 57 43 717
27 56 43 713
28 27 22 716
27 25 22 572
51 19 22 715
32 52 34 714
32 45 46 635
26 27 28 711
26 25 28 580
20 42 18 708
20 42 16 384
23 26 13 707
23 24 13 631
36 28 18 706
24 11 37 483
49 17 22 704
47 17 22 593
24 32 26 703
23 24 15 701
34 43 48 699
31 22 37 698
31 20 37 314
26 38 25 697
24 38 25 522
32 46 34 294
29 22 13 690
44 16 26 474
48 23 27 687
48 23 25 660
17 28 6 684
15 28 6 251
33 50 45 683
26 25 18 383
29 22 54 679
29 22 52 501
32 30 39 220
23 39 26 674
29 25 13 671
29 22 15 668
38 27 39 625
30 39 50 665
47 31 25 664
47 31 23 595
32 25 14 663
30 25 14 534
21 30 21 661
21 28 21 282
48 23 23 532
29 27 24 659
29 25 24 641
45 20 22 657
22 28 14 656
21 43 19 653
19 43 20 256
35 38 19 651
28 28 23 650
31 57 45 649
26 39 48 125
25 27 57 647
25 27 55 421
38 28 38 645
38 26 38 627
47 43 38 644
46 43 36 228
28 41 20 566
22 15 37 638
22 13 37 350
24 42 23 375
32 47 28 491
49 49 37 634
50 47 37 585
28 27 18 633
28 27 16 80
25 25 11 535
19 28 46 630
19 26 46 286
46 42 38 628
45 40 38 333
31 23 38 626
31 23 36 490
24 40 26 624
24 41 24 468
48 45 37 623
46 45 37 549
20 43 21 620
26 27 17 618
30 51 28 498
48 47 37 616
24 27 58 463
36 28 13 614
34 28 13 427
40 23 19 612
40 21 19 485
41 32 31 611
41 32 29 423
32 26 17 610
34 26 15 367
47 26 27 609
47 24 28 492
25 58 43 608
25 56 41 446
46 46 39 607
17 42 13 606
17 42 11 436
47 22 20 605
47 20 20 499
50 21 24 604
48 21 24 533
24 28 59 515
30 48 33 602
30 46 33 92
23 27 17 601
23 25 17 553
51 45 37 597
26 13 37 596
20 43 23 594
46 21 24 592
46 21 22 342
18 32 6 591
25 48 35 589
23 48 35 376
31 39 32 588
31 37 33 377
24 54 43 240
27 27 19 586
27 25 20 226
37 29 15 582
36 28 15 430
47 41 39 578
47 41 37 396
13 40 20 268
42 39 33 575
42 37 33 425
24 50 42 418
44 30 30 571
42 31 30 507
25 49 32 570
25 47 32 429
22 30 55 569
48 46 39 565
41 29 39 563
39 29 39 460
18 41 12 225
23 29 17 561
33 29 19 560
33 28 17 551
49 26 26 559
49 24 26 552
31 49 18 557
29 49 18 338
46 27 35 554
25 23 17 504
48 19 24 547
48 17 24 496
35 30 15 546
33 30 15 538
31 36 52 545
29 35 54 544
30 26 19 543
32 48 42 513
21 26 13 541
20 13 37 540
20 11 37 162
31 38 35 539
30 38 33 537
34 52 38 416
22 26 15 530
22 24 16 477
32 31 41 528
29 26 56 527
34 28 20 524
34 25 21 296
24 50 35 520
28 22 57 518
25 22 58 495
33 30 13 517
32 48 44 516
33 48 45 480
26 29 17 512
49 22 20 511
49 20 20 398
35 49 24 510
28 48 24 509
26 48 24 261
27 24 58 428
40 30 30 337
26 47 18 506
24 48 18 79
18 34 12 287
23 23 17 493
23 49 20 503
23 47 20 341
20 44 24 502
43 35 34 500
41 35 34 245
45 20 20 53
26 50 24 497
34 54 31 494
34 52 32 198
40 19 19 407
24 15 42 482
24 15 40 203
27 51 18 481
27 49 18 456
24 17 41 479
42 41 33 476
40 40 33 230
35 26 34 475
35 24 34 54
40 30 32 473
32 24 36 471
32 24 34 61
24 41 39 467
29 24 55 466
29 24 53 458
47 14 25 465
45 14 25 401
28 24 56 347
31 25 17 461
47 36 35 459
45 36 35 372
25 49 18 447
44 20 16 455
42 20 16 454
42 18 16 64
18 41 18 435
29 12 37 452
27 12 37 414
43 36 35 450
41 36 36 242
17 40 13 449
17 40 11 410
25 39 43 448
25 37 43 319
30 50 33 444
33 25 13 443
33 25 15 137
23 49 33 442
23 47 33 75
17 48 14 441
19 31 39 440
19 28 37 339
46 41 40 439
23 48 29 438
23 48 27 431
18 42 16 334
46 39 39 434
46 39 37 140
26 15 40 433
25 21 15 432
25 21 13 345
23 48 25 195
38 27 15 373
40 37 33 191
32 18 32 424
32 16 32 281
41 26 25 56
32 24 38 417
32 54 38 400
25 41 43 415
26 10 37 413
47 19 19 412
47 19 17 360
15 37 12 295
28 38 51 409
28 34 46 128
34 26 36 408
32 26 36 404
38 20 19 72
33 26 34 291
46 39 41 403
26 25 60 402
24 25 58 70
33 54 36 335
20 44 17 399
27 48 22 394
25 48 22 222
24 37 41 392
24 35 39 308
27 51 20 391
30 18 38 390
30 18 36 155
30 29 16 389
28 29 16 370
29 26 22 388
29 24 21 212
21 28 38 387
27 21 13 385
27 23 17 217
27 42 47 382
25 50 21 381
23 50 21 252
35 27 15 380
33 27 13 243
42 30 32 379
43 30 27 378
41 30 27 233
24 46 34 369
28 36 53 374
30 32 58 305
26 13 40 371
26 11 40 310
28 30 14 354
44 40 33 368
30 49 20 366
35 28 34 365
47 42 40 364
50 41 37 182
36 49 34 363
34 49 34 352
28 33 58 362
13 28 6 264
47 19 15 81
42 38 35 357
41 32 27 356
34 29 18 355
26 10 42 353
24 10 42 349
35 49 32 258
22 14 35 90
24 8 42 199
26 19 13 232
25 42 44 344
25 42 42 290
20 9 37 340
20 7 37 73
51 45 38 336
33 50 37 206
42 38 37 316
32 49 32 332
32 47 32 173
28 28 25 330
29 25 26 229
30 38 14 329
30 36 14 280
21 11 39 328
21 9 39 124
34 24 35 327
45 36 39 326
45 34 39 250
40 20 21 325
38 20 21 244
22 28 27 324
24 29 26 317
32 34 14 323
30 34 14 93
30 31 36 322
29 31 34 207
26 43 47 321
46 34 34 318
44 34 34 276
20 28 25 188
44 40 35 78
28 23 37 315
28 21 37 122
29 20 37 311
28 37 52 313
26 53 29 312
26 51 29 67
26 9 40 273
27 52 21 309
24 33 39 237
48 34 34 306
29 17 33 304
25 48 29 303
23 48 31 297
30 18 32 302
30 16 32 9
34 49 36 301
32 49 36 299
47 21 17 300
34 47 36 274
22 14 39 298
20 14 38 184
16 35 11 213
20 14 41 293
20 12 41 172
37 31 17 292
37 32 15 117
23 9 39 289
29 24 23 288
30 20 53 285
30 20 51 119
49 30 29 284
31 47 35 283
23 25 43 279
27 36 40 278
26 36 41 277
29 24 37 275
27 24 37 134
24 9 40 255
24 20 51 272
22 20 51 3
24 22 51 271
22 22 51 262
42 21 18 270
42 22 16 204
32 20 52 269
50 18 23 267
40 34 37 265
11 28 7 83
44 33 38 263
42 33 38 168
24 49 23 249
22 13 42 259
34 19 34 257
34 19 32 16
25 10 39 197
22 9 37 254
22 7 37 234
48 39 39 253
48 39 37 174
43 35 39 187
24 48 24 248
28 46 23 100
45 35 37 247
43 35 37 171
26 30 18 246
40 32 34 158
39 35 37 209
22 14 41 241
20 15 40 185
37 26 43 239
29 29 10 238
30 27 10 112
24 11 41 236
28 25 37 235
26 20 11 4
33 47 38 231
33 47 36 215
35 24 36 227
28 23 18 219
40 28 14 224
38 26 14 150
41 21 22 223
41 19 22 178
34 25 12 221
32 54 31 218
33 51 33 163
28 24 16 216
26 23 13 166
30 47 36 136
37 31 14 214
13 36 12 170
37 21 35 211
37 21 33 99
36 32 14 208
34 31 14 97
42 33 40 205
23 13 39 183
44 33 36 202
42 33 36 192
32 23 39 201
30 46 23 200
26 20 51 196
23 49 24 165
31 25 59 194
27 25 62 190
50 16 25 193
49 16 23 154
42 50 35 189
45 49 35 86
26 48 26 186
21 12 38 76
43 32 27 181
41 34 27 59
22 21 53 180
43 37 39 179
43 37 37 176
41 17 22 36
45 19 16 177
34 33 14 175
27 29 15 169
42 20 19 167
21 48 24 84
22 11 38 164
41 18 24 161
37 21 37 160
51 16 23 159
37 23 33 157
30 21 34 151
34 16 32 153
39 30 14 114
16 20 38 149
16 18 38 120
45 13 19 147
43 13 19 48
23 22 21 2
31 24 10 145
29 24 12 94
25 13 34 144
23 13 34 95
16 16 38 143
16 14 38 17
50 20 19 142
42 51 37 141
42 49 37 121
32 25 22 139
32 25 20 55
26 27 60 138
30 26 24 135
30 26 21 63
20 14 36 133
20 14 34 98
22 46 25 131
21 46 24 42
43 32 29 130
41 34 29 68
30 26 25 129
26 34 42 104
31 37 44 127
31 37 42 123
21 48 21 126
29 21 32 105
28 20 51 10
36 50 32 118
36 48 32 107
37 32 13 51
49 19 15 116
38 29 14 50
45 15 19 111
43 15 19 38
47 33 29 110
45 32 29 102
47 15 19 109
36 26 36 108
27 46 22 106
44 20 19 103
36 16 32 101
35 21 34 45
20 12 34 24
20 7 39 96
23 11 34 82
44 23 20 91
36 29 19 89
36 29 17 77
22 10 42 88
23 10 38 87
25 21 59 85
9 28 7 6
40 19 17 74
38 19 17 11
42 24 26 71
42 22 26 58
26 23 58 66
43 15 17 69
41 15 17 14
47 15 17 65
45 15 17 62
30 24 20 25
33 22 36 32
44 26 19 60
44 24 19 26
42 23 24 22
25 15 43 57
21 13 43 52
35 26 32 43
16 22 38 49
41 13 19 20
50 18 17 47
48 18 17 21
47 13 19 46
34 22 33 33
45 17 17 44
43 17 17 35
16 24 38 40
34 19 36 39
41 15 19 30
30 19 34 37
30 20 32 12
32 19 33 34
32 19 31 31
44 25 21 29
16 18 40 28
49 20 17 27
27 15 30 5
43 15 21 23
42 11 19 18
44 12 17 7
16 18 36 8
24 20 53 15
24 20 55 13
16 16 35 1
27 25 53 406
27 25 54 406
30 49 29 266
30 48 28 266
30 49 28 266
31 49 28 266
29 49 29 266
28 49 29 266
29 49 28 266
30 49 30 266
30 48 30 266
29 49 30 266
28 50 29 266
28 36 57 973
28 36 58 973
38 33 49 942
38 33 48 942
36 42 32 876
36 42 31 876
36 41 32 876
20 21 41 866
20 21 40 866
20 22 41 866
20 22 40 866
21 22 41 866
20 22 39 866
19 22 39 866
18 19 39 866
19 19 39 866
18 20 39 866
19 20 39 866
19 21 39 866
18 20 40 866
19 21 40 866
18 21 41 866
18 21 40 866
19 20 38 866
15 41 24 599
15 41 22 599
15 41 23 599
15 41 21 599
15 41 20 599
15 40 20 599
15 40 21 599
15 39 21 599
23 41 22 558
23 41 23 558
23 40 24 558
23 40 23 558
19 39 28 681
21 39 28 681
20 39 28 681
22 40 28 681
21 40 28 681
21 41 28 681
21 42 28 681
20 41 28 681
19 39 27 681
29 47 50 672
29 48 50 672
18 33 9 869
18 33 8 869
21 41 22 852
21 42 22 852
19 26 20 573
20 26 20 573
20 25 20 573
29 59 45 855
29 59 46 855
28 59 46 855
31 43 22 666
31 43 23 666
31 44 23 666
17 22 14 841
16 22 14 841
16 23 14 841
30 32 53 437
29 31 54 437
29 32 54 437
29 33 53 437
29 33 54 437
29 31 53 437
29 32 55 437
29 33 55 437
29 32 56 437
29 31 56 437
29 31 57 437
29 33 56 437
30 33 56 437
30 32 56 437
29 33 57 437
30 33 53 437
29 30 56 437
31 33 56 437
28 31 54 437
28 31 53 437
28 30 54 437
26 31 56 437
27 31 56 437
28 31 56 437
28 30 56 437
28 30 55 437
27 30 54 437
27 30 55 437
26 30 53 437
26 30 54 437
28 29 54 437
27 29 54 437
26 29 53 437
27 29 53 437
26 28 53 437
25 28 53 437
26 27 53 437
26 27 52 437
25 27 53 437
28 33 55 437
30 34 53 437
29 34 53 437
35 26 17 744
35 25 17 744
19 30 9 583
20 30 9 583
24 32 9 583
24 31 9 583
23 30 9 583
23 31 8 583
23 31 9 583
23 29 9 583
24 29 9 583
22 30 8 583
23 30 8 583
22 30 9 583
22 29 9 583
21 29 9 583
20 29 9 583
20 31 9 583
24 28 9 583
20 28 9 583
21 27 9 583
20 27 9 583
27 28 9 583
26 28 9 583
26 28 8 583
25 28 8 583
25 28 9 583
27 29 9 583
26 27 8 583
26 27 9 583
27 27 9 583
25 27 9 583
25 27 8 583
19 30 10 583
24 31 10 583
24 31 11 583
20 31 10 583
21 32 10 583
20 32 10 583
20 32 11 583
20 27 10 583
25 27 7 583
45 44 37 514
45 43 37 514
45 42 36 514
45 42 37 514
30 43 48 932
30 44 48 932
31 44 48 932
31 43 48 932
31 39 24 550
31 40 22 550
31 40 23 550
30 40 22 550
30 39 22 550
28 37 23 550
28 38 23 550
29 37 23 550
29 38 23 550
29 36 23 550
28 36 23 550
28 36 22 550
29 37 22 550
29 39 21 550
29 38 21 550
29 37 21 550
29 38 22 550
28 37 22 550
30 38 22 550
31 38 21 550
31 38 20 550
30 38 21 550
30 37 21 550
28 35 22 550
27 34 23 550
27 34 24 550
28 34 23 550
28 34 24 550
28 35 24 550
28 34 22 550
29 34 22 550
32 39 21 550
32 40 21 550
32 40 22 550
32 40 23 550
34 39 22 550
33 38 23 550
33 39 23 550
34 39 23 550
32 39 23 550
34 38 23 550
32 39 24 550
32 38 20 550
33 39 20 550
32 39 20 550
42 52 27 953
42 53 28 953
42 52 28 953
41 52 28 953
40 52 27 953
40 52 28 953
42 54 24 953
43 54 24 953
43 53 24 953
43 53 25 953
42 53 25 953
43 52 25 953
43 52 24 953
42 53 26 953
41 53 26 953
41 54 26 953
42 52 24 953
42 52 25 953
42 52 26 953
41 52 24 953
40 52 26 953
40 53 26 953
40 53 25 953
40 53 24 953
40 52 25 953
39 52 25 953
41 51 24 953
37 44 40 976
37 44 41 976
37 44 39 976
37 46 40 976
37 45 40 976
38 45 40 976
38 45 39 976
39 45 43 976
39 45 42 976
39 45 41 976
38 45 41 976
38 46 39 976
38 45 42 976
38 46 38 976
37 45 38 976
37 47 38 976
37 46 38 976
39 46 39 976
40 47 39 976
40 47 40 976
39 47 39 976
39 47 40 976
37 41 38 976
37 42 38 976
37 43 38 976
38 43 39 976
37 43 39 976
37 42 39 976
38 35 36 976
37 35 36 976
37 35 34 976
38 36 34 976
39 36 34 976
37 36 34 976
39 36 33 976
39 35 33 976
38 35 33 976
37 35 35 976
37 35 33 976
37 36 33 976
38 37 33 976
38 36 33 976
37 37 33 976
38 38 33 976
38 38 34 976
37 38 34 976
39 37 34 976
39 38 34 976
37 38 33 976
38 38 35 976
38 40 36 976
38 40 34 976
38 40 35 976
38 39 35 976
39 40 36 976
40 37 35 976
40 38 35 976
39 38 35 976
39 39 35 976
39 40 35 976
38 43 34 976
37 42 35 976
38 42 35 976
38 42 34 976
39 42 34 976
38 42 36 976
38 41 36 976
39 41 36 976
39 41 35 976
39 41 34 976
38 42 37 976
38 42 38 976
38 43 38 976
40 39 35 976
40 39 36 976
38 48 39 976
38 48 40 976
37 48 39 976
37 47 39 976
37 49 39 976
37 49 38 976
36 42 38 976
35 35 34 976
35 35 35 976
35 35 36 976
36 35 36 976
35 36 37 976
35 36 36 976
36 36 36 976
35 35 37 976
36 35 34 976
36 36 34 976
34 37 34 976
34 37 35 976
34 36 35 976
34 38 34 976
35 38 34 976
36 38 34 976
33 38 34 976
33 37 34 976
41 47 39 976
42 48 39 976
41 46 38 976
42 46 38 976
42 46 40 976
42 46 39 976
42 47 39 976
42 47 35 976
42 46 35 976
42 48 35 976
42 47 36 976
42 47 37 976
42 46 37 976
40 45 38 976
40 44 38 976
41 44 38 976
41 45 38 976
41 45 39 976
41 44 39 976
46 31 31 969
46 32 31 969
47 32 30 969
46 32 30 969
27 41 28 734
26 41 28 734
26 41 29 734
35 43 44 673
36 43 44 673
37 43 44 673
38 43 44 673
35 44 43 673
35 44 44 673
29 42 36 877
29 41 34 877
29 41 35 877
29 41 36 877
29 38 30 877
29 37 30 877
29 36 30 877
29 39 30 877
29 39 31 877
29 40 32 877
29 40 31 877
29 40 30 877
29 40 33 877
29 40 34 877
28 31 37 877
27 31 38 877
28 33 38 877
28 32 38 877
28 31 38 877
28 34 38 877
28 35 38 877
28 35 37 877
27 30 38 877
28 36 38 877
25 37 34 877
25 37 35 877
25 36 34 877
25 38 34 877
25 39 34 877
26 38 35 877
26 37 35 877
26 37 34 877
25 39 37 877
25 39 36 877
25 38 38 877
25 38 37 877
24 38 38 877
26 36 38 877
26 37 38 877
26 38 38 877
24 37 38 877
26 38 37 877
27 37 37 877
27 39 37 877
27 38 37 877
26 38 36 877
24 39 35 877
24 39 36 877
23 38 36 877
23 39 36 877
24 40 36 877
24 41 36 877
20 41 32 877
20 41 31 877
20 39 31 877
20 40 31 877
21 40 31 877
21 40 32 877
21 41 31 877
22 40 30 877
23 40 31 877
22 40 31 877
22 41 32 877
22 40 32 877
23 42 30 877
22 42 30 877
22 41 30 877
19 40 31 877
19 40 30 877
19 39 30 877
19 38 31 877
19 39 31 877
19 38 33 877
19 38 34 877
19 39 33 877
19 39 32 877
19 37 31 877
20 37 30 877
20 37 31 877
20 39 30 877
20 41 30 877
21 40 33 877
20 40 33 877
19 40 33 877
23 40 33 877
22 40 33 877
22 39 33 877
24 40 33 877
19 40 34 877
19 41 34 877
19 43 33 877
19 43 34 877
19 42 34 877
20 43 33 877
20 43 32 877
20 42 32 877
21 42 33 877
21 41 34 877
21 42 34 877
21 43 33 877
21 43 32 877
22 43 32 877
21 44 32 877
21 44 31 877
22 43 33 877
20 42 31 877
22 40 34 877
21 39 35 877
21 40 35 877
21 40 34 877
23 40 35 877
22 40 35 877
23 39 35 877
22 39 35 877
22 39 34 877
21 42 35 877
21 45 31 877
21 46 30 877
21 45 30 877
20 47 30 877
20 46 30 877
20 44 30 877
20 45 30 877
21 45 32 877
21 46 32 877
27 39 36 877
26 40 36 877
25 40 36 877
26 39 36 877
26 39 35 877
26 39 37 877
27 37 38 877
28 37 38 877
27 38 38 877
28 38 38 877
28 39 36 877
28 38 36 877
27 41 36 877
27 41 35 877
27 42 35 877
27 42 36 877
27 40 36 877
28 42 36 877
28 42 37 877
28 41 35 877
29 45 35 877
28 45 34 877
27 45 35 877
28 45 35 877
28 44 37 877
27 45 37 877
28 45 37 877
28 45 36 877
28 44 36 877
27 44 37 877
27 43 37 877
27 42 37 877
26 42 37 877
27 42 38 877
29 35 38 877
29 35 37 877
29 38 38 877
29 37 38 877
29 39 38 877
29 37 37 877
29 38 35 877
29 38 36 877
29 37 36 877
30 42 36 877
30 45 35 877
30 44 34 877
30 44 33 877
30 44 35 877
30 43 35 877
30 43 36 877
30 37 31 877
30 37 30 877
30 38 31 877
30 39 31 877
30 40 31 877
30 40 32 877
30 40 34 877
30 40 35 877
30 40 33 877
30 41 35 877
31 43 36 877
28 38 39 877
29 38 39 877
29 37 39 877
29 38 29 877
29 36 29 877
29 35 29 877
30 36 29 877
30 37 29 877
21 46 29 877
20 46 29 877
20 45 29 877
21 45 29 877
32 32 50 779
32 32 51 779
28 41 51 871
29 41 51 871
37 52 28 991
37 53 28 991
37 53 27 991
37 50 28 991
37 51 28 991
37 51 27 991
35 50 28 991
36 51 28 991
35 51 28 991
26 45 19 860
26 45 20 860
26 44 20 860
26 40 20 860
26 39 20 860
26 41 20 860
26 42 20 860
26 43 20 860
26 43 19 860
26 38 20 860
26 38 19 860
26 44 21 860
26 44 22 860
26 45 22 860
26 42 21 860
26 43 21 860
26 38 21 860
26 37 21 860
25 41 20 860
45 27 24 724
46 26 24 724
46 27 24 724
45 26 24 724
26 31 63 984
25 31 63 984
25 31 62 984
24 31 63 984
24 30 64 984
24 30 65 984
24 30 63 984
26 30 63 984
26 30 62 984
26 30 61 984
20 26 39 961
20 26 40 961
20 27 40 961
22 28 41 961
22 27 40 961
22 28 40 961
21 28 40 961
20 28 40 961
19 28 40 961
19 29 40 961
19 29 39 961
21 29 40 961
20 29 40 961
20 29 39 961
22 16 36 851
21 16 36 851
20 16 36 851
29 30 46 773
30 30 46 773
30 32 46 773
30 31 46 773
30 30 47 773
30 30 48 773
30 31 48 773
30 32 47 773
31 32 46 773
32 32 46 773
31 33 46 773
30 35 46 773
31 35 46 773
31 34 46 773
32 32 47 773
31 32 48 773
31 31 48 773
32 31 48 773
32 32 48 773
30 33 45 773
30 32 45 773
35 46 24 156
35 47 24 156
36 43 24 156
36 44 24 156
36 45 24 156
36 46 24 156
23 27 48 917
22 27 48 917
20 27 48 917
20 28 48 917
21 27 48 917
23 26 48 917
23 28 55 669
23 28 56 669
16 29 11 975
15 29 11 975
15 29 12 975
43 18 22 148
43 19 22 148
43 18 23 148
43 18 24 148
43 19 24 148
43 19 23 148
19 16 39 632
20 17 40 632
20 17 39 632
21 17 40 632
19 17 39 632
18 17 39 632
20 18 40 632
21 18 40 632
21 18 41 632
18 36 16 948
19 36 16 948
19 36 17 948
29 30 50 785
29 30 49 785
18 43 19 792
18 44 19 792
47 29 24 956
47 29 25 956
29 53 45 720
29 54 45 720
29 54 44 720
29 54 43 720
27 53 45 720
28 53 45 720
28 54 45 720
27 53 43 720
27 54 43 720
28 54 42 720
28 54 43 720
29 56 45 720
29 55 45 720
29 56 46 720
28 56 45 720
30 53 45 720
31 53 47 720
31 53 46 720
31 53 45 720
32 53 47 720
32 53 46 720
30 52 45 720
30 52 46 720
38 26 33 489
41 26 33 489
41 27 33 489
40 26 32 489
40 27 32 489
41 27 32 489
39 27 33 489
40 27 33 489
40 26 33 489
39 26 33 489
40 28 32 489
38 26 34 489
39 26 34 489
37 26 34 489
37 27 35 489
37 26 35 489
37 28 35 489
37 30 35 489
37 29 35 489
36 29 35 489
45 29 24 834
45 30 24 834
37 30 45 658
37 32 46 658
37 31 46 658
37 31 45 658
37 33 45 658
37 33 46 658
38 33 45 658
39 33 46 658
38 33 46 658
38 29 45 658
37 29 45 658
37 28 45 658
36 29 45 658
35 29 46 658
36 29 46 658
35 30 46 658
34 30 46 658
37 34 45 658
34 30 47 658
34 31 47 658
33 46 43 847
33 45 43 847
33 45 44 847
31 44 41 847
31 44 42 847
32 45 42 847
31 45 42 847
31 45 41 847
33 46 41 847
33 45 41 847
33 45 42 847
33 46 42 847
33 44 41 847
33 44 43 847
32 44 44 847
32 44 43 847
32 44 42 847
31 44 43 847
31 45 43 847
31 45 40 847
31 44 40 847
32 44 40 847
33 44 40 847
39 33 38 791
38 33 38 791
38 33 37 791
39 33 37 791
37 33 36 791
38 33 36 791
39 33 35 791
39 33 36 791
35 33 36 791
36 33 36 791
35 33 37 791
39 38 41 791
39 37 42 791
39 36 42 791
39 38 42 791
40 37 43 791
40 37 42 791
40 36 42 791
39 36 43 791
38 38 42 791
38 37 42 791
37 37 42 791
39 36 40 791
38 37 40 791
38 36 40 791
39 37 40 791
38 37 41 791
38 38 41 791
37 37 41 791
38 38 40 791
37 39 39 791
38 39 39 791
38 38 39 791
38 37 38 791
38 37 39 791
38 35 39 791
37 35 39 791
38 35 40 791
38 35 38 791
38 34 40 791
38 34 38 791
39 34 38 791
36 39 39 791
41 37 43 791
41 37 42 791
41 36 43 791
42 36 42 791
41 36 42 791
41 36 41 791
41 38 40 791
41 38 41 791
41 37 41 791
42 37 41 791
42 38 41 791
42 38 42 791
42 39 42 791
49 29 25 923
49 29 26 923
40 52 32 930
40 52 33 930
26 41 48 590
26 41 49 590
26 41 50 590
41 50 30 859
43 50 30 859
42 50 30 859
42 50 29 859
42 50 27 859
42 50 28 859
41 50 28 859
40 50 29 859
41 50 29 859
42 49 27 859
42 49 28 859
43 50 31 859
42 51 30 859
42 52 30 859
41 52 29 859
41 52 30 859
40 52 30 859
40 52 29 859
40 54 30 859
40 53 30 859
33 27 19 879
34 27 19 879
30 42 44 994
31 42 44 994
32 39 44 994
32 40 44 994
32 41 44 994
32 42 44 994
30 41 44 994
31 41 44 994
32 39 43 994
18 34 15 974
18 33 15 974
18 33 14 974
18 32 14 974
19 32 14 974
19 33 14 974
19 33 15 974
18 32 15 974
19 32 15 974
18 33 13 974
19 32 13 974
36 47 43 911
36 47 44 911
20 22 35 348
20 22 34 348
30 42 42 470
32 42 42 470
31 42 42 470
18 29 11 993
18 29 12 993
32 42 48 640
32 42 49 640
36 33 50 875
36 32 50 875
36 33 49 875
36 32 48 875
36 33 48 875
36 34 50 875
36 34 49 875
36 35 48 875
36 34 48 875
27 24 14 754
27 25 13 754
27 25 14 754
27 24 15 754
29 25 18 970
29 25 19 970
27 46 20 488
28 46 20 488
29 30 43 979
28 29 43 979
29 29 43 979
30 30 44 979
30 29 44 979
30 29 43 979
31 30 44 979
31 29 44 979
32 56 42 903
32 56 43 903
32 56 44 903
22 29 23 937
22 29 24 937
23 29 24 937
23 28 24 937
23 29 25 937
23 28 25 937
22 30 24 937
17 30 17 600
19 30 17 600
18 30 17 600
18 31 17 600
18 32 17 600
19 32 17 600
19 33 17 600
19 29 17 600
19 28 17 600
18 32 18 600
20 45 23 789
20 46 23 789
32 53 41 904
32 54 40 904
31 54 40 904
31 53 42 904
31 54 42 904
32 54 42 904
32 54 41 904
31 54 44 904
31 54 43 904
31 55 40 904
30 54 38 904
30 54 39 904
30 54 40 904
30 55 38 904
30 55 37 904
27 36 60 934
27 35 60 934
27 34 60 934
16 31 11 920
15 31 11 920
15 32 11 920
16 32 11 920
17 31 11 920
28 41 47 819
29 41 47 819
28 62 44 992
29 62 44 992
24 42 25 637
24 42 27 637
24 42 26 637
40 27 29 393
41 27 30 393
40 27 30 393
42 27 30 393
42 26 29 393
41 26 29 393
42 27 29 393
43 26 30 393
43 27 30 393
44 26 30 393
43 26 29 393
42 25 29 393
42 25 30 393
44 25 30 393
43 27 31 393
42 25 31 393
26 43 26 936
27 43 26 936
45 47 37 977
45 46 37 977
45 46 36 977
45 46 38 977
26 29 24 853
25 29 24 853
25 29 23 853
30 28 14 766
30 27 14 766
37 30 42 909
36 30 42 909
23 29 50 922
22 29 50 922
29 43 51 924
30 43 51 924
19 39 15 988
19 39 14 988
28 27 11 568
29 27 11 568
29 26 11 568
30 26 11 568
23 32 21 405
22 32 21 405
21 32 21 405
35 31 54 945
35 30 54 945
29 55 41 752
28 55 41 752
39 30 36 113
39 30 37 113
38 30 36 113
38 30 37 113
37 31 36 113
38 31 36 113
39 31 36 113
45 27 26 946
46 27 26 946
46 26 26 946
46 24 26 946
46 25 26 946
47 25 26 946
47 24 26 946
47 25 25 946
48 25 25 946
46 24 25 946
45 46 42 521
45 47 42 521
45 48 42 521
45 47 41 521
46 46 41 521
46 46 42 521
46 47 41 521
46 47 43 521
46 47 42 521
18 30 6 857
18 30 7 857
17 30 7 857
16 30 7 857
16 30 6 857
22 27 36 964
21 27 36 964
21 26 36 964
21 25 36 964
22 26 36 964
20 26 36 964
20 27 36 964
20 25 36 964
22 26 37 964
22 25 37 964
19 27 35 964
20 27 35 964
30 49 49 929
31 49 49 929
32 49 49 929
26 43 29 978
27 43 29 978
26 43 28 978
27 43 28 978
31 35 38 484
32 36 38 484
32 35 38 484
31 38 38 484
31 37 38 484
32 39 38 484
32 39 39 484
32 38 39 484
32 38 38 484
32 37 38 484
32 40 39 484
31 40 38 484
32 40 38 484
31 35 36 484
31 34 36 484
32 35 36 484
32 35 37 484
32 40 37 484
31 40 37 484
29 40 37 484
30 40 37 484
18 45 14 902
18 46 14 902
28 26 23 933
27 26 25 933
28 26 25 933
28 26 24 933
28 26 26 933
27 27 23 933
27 27 24 933
27 27 25 933
27 27 26 933
28 27 26 933
46 16 26 688
47 16 26 688
28 48 20 921
29 48 20 921
37 26 19 967
37 26 18 967
37 26 20 967
33 40 33 968
34 41 33 968
33 41 33 968
34 40 34 968
34 40 33 968
20 24 16 965
20 24 15 965
34 49 27 997
34 49 28 997
22 21 36 996
22 22 36 996
26 24 23 146
25 24 23 146
25 24 24 146
25 24 25 146
25 24 26 146
26 23 23 146
30 30 59 910
30 30 58 910
27 43 24 764
26 43 24 764
23 28 28 132
24 28 28 132
24 27 28 132
23 27 28 132
24 25 28 132
24 26 28 132
24 28 29 132
36 30 52 770
35 30 52 770
36 32 52 770
36 31 52 770
34 31 52 770
35 31 52 770
34 32 52 770
36 29 52 770
36 27 52 770
36 28 52 770
35 28 52 770
34 31 51 770
34 32 51 770
36 27 51 770
35 28 53 770
30 47 46 712
30 47 45 712
29 47 45 712
29 47 46 712
31 47 46 712
31 47 45 712
32 47 45 712
32 47 46 712
30 46 46 712
22 18 35 643
22 18 34 643
21 18 35 643
26 18 34 643
27 18 34 643
26 18 35 643
27 18 35 643
27 18 36 643
26 18 36 643
24 18 35 643
24 18 36 643
25 18 36 643
23 18 36 643
23 18 35 643
27 18 33 643
27 18 32 643
26 18 32 643
26 19 34 643
27 19 34 643
26 18 33 643
26 19 33 643
27 18 37 643
23 18 37 643
27 17 35 643
19 25 17 981
18 25 17 981
16 25 17 981
17 25 17 981
16 26 17 981
17 26 17 981
16 24 17 981
25 30 11 938
25 29 11 938
27 29 11 938
26 29 11 938
28 29 11 938
28 32 41 854
28 32 40 854
16 33 14 457
16 32 14 457
15 32 14 457
16 31 14 457
26 23 52 995
26 23 54 995
26 23 53 995
27 23 53 995
27 23 54 995
28 30 40 812
29 29 40 812
28 29 40 812
28 29 41 812
36 28 42 529
37 28 42 529
37 27 42 529
36 45 43 803
36 45 44 803
18 28 48 621
18 27 48 621
18 27 49 621
31 50 46 675
31 50 47 675
31 49 46 675
31 49 47 675
32 51 46 675
32 51 47 675
32 50 46 675
32 50 47 675
24 27 25 881
25 27 25 881
24 27 26 881
23 27 34 793
22 27 34 793
22 26 34 793
20 22 16 941
21 22 16 941
21 22 15 941
33 40 31 525
33 40 30 525
33 42 31 525
33 41 31 525
34 42 31 525
34 40 31 525
39 29 29 829
40 29 29 829
40 29 28 829
41 29 28 829
42 29 29 829
42 29 28 829
42 29 30 829
45 29 31 829
44 29 31 829
46 29 31 829
43 29 31 829
43 29 30 829
39 30 29 829
39 31 29 829
26 33 57 603
25 31 58 603
25 32 58 603
26 32 58 603
26 33 58 603
26 34 57 603
26 34 58 603
26 34 56 603
26 36 58 603
26 35 58 603
25 31 59 603
25 33 59 603
26 33 59 603
19 30 15 906
18 30 14 906
18 29 14 906
18 29 15 906
18 30 15 906
20 28 15 906
19 27 15 906
19 28 15 906
19 29 15 906
20 27 14 906
20 27 15 906
19 39 12 935
19 39 11 935
35 53 28 914
35 53 27 914
34 53 27 914
35 53 26 914
27 21 53 115
26 21 53 115
26 21 52 115
21 24 39 954
20 24 39 954
20 24 38 954
20 24 37 954
