40 55 27 1501
40 55 25 1148
31 45 24 1500
31 43 24 1219
36 44 41 1366
24 32 66 1391
45 47 40 1495
45 47 38 1274
44 52 33 1493
44 52 31 1454
26 44 22 1489
26 42 22 1296
35 48 24 1022
35 50 24 1487
36 31 46 1486
36 29 46 1331
26 48 23 1485
32 45 45 1484
23 27 38 1481
23 25 38 1323
40 35 37 1419
44 36 44 1479
31 47 44 1478
31 47 42 1379
30 36 37 1477
28 36 37 877
41 28 35 1476
41 26 35 1462
42 56 27 1474
42 54 27 1343
15 40 20 599
41 37 50 1472
33 44 31 1471
33 42 31 1406
26 27 56 437
41 53 27 1466
39 53 27 1119
25 33 62 1464
42 25 31 1463
22 17 41 1461
20 17 41 1207
25 41 20 860
33 40 32 1458
33 40 30 525
28 18 38 1457
26 18 38 1411
36 29 38 1301
39 32 30 1455
43 52 29 1402
40 55 29 1451
34 55 44 1450
34 55 42 1278
24 30 24 1449
24 28 24 1255
43 52 34 1448
40 52 32 1441
30 49 30 1447
30 49 28 1175
33 38 20 1446
31 38 20 550
31 47 46 1445
27 18 36 1444
25 18 36 1180
43 20 26 1443
43 20 24 1166
22 16 36 1442
20 16 36 851
36 32 48 875
19 28 42 1245
44 25 31 1415
17 33 14 1433
15 33 14 1212
24 27 36 1432
43 18 26 1431
43 18 24 1186
27 30 65 1133
42 31 32 1097
23 25 36 1428
21 25 36 1146
30 26 28 1292
33 32 47 1426
34 37 40 1232
29 27 25 1422
29 27 23 933
49 29 33 1420
47 29 33 1320
34 43 41 1418
34 41 41 1398
47 29 26 1417
47 27 26 1171
33 35 40 1416
31 35 40 1405
28 51 29 1414
28 49 29 266
26 23 54 1413
26 23 52 995
30 49 32 1412
24 18 38 1204
44 29 28 1410
42 29 28 1225
44 53 24 1407
32 35 38 1318
40 29 28 829
24 42 27 1403
24 42 25 637
15 41 26 1401
15 41 24 1250
30 41 47 1400
28 41 47 819
32 31 45 1399
30 31 45 1359
34 39 41 1367
18 34 14 1075
39 38 47 1395
39 38 45 1168
47 28 24 1394
47 26 24 1247
27 29 12 1393
25 29 12 938
24 30 65 984
21 28 37 1313
44 52 26 1389
42 52 26 1249
38 52 27 1352
27 26 15 1387
27 24 15 1325
25 27 8 583
39 30 45 1385
37 30 45 1240
43 27 33 1384
34 33 53 1383
34 31 53 1283
32 43 44 1382
32 41 44 1310
21 29 39 1381
19 29 39 961
25 25 30 1311
31 47 40 1279
23 29 29 1378
23 27 29 132
29 26 26 1297
33 57 44 1376
33 57 42 903
25 24 29 1375
25 24 27 1206
30 46 20 1374
28 46 20 488
20 36 15 1373
20 34 15 1182
35 49 29 1371
35 49 27 997
30 43 44 1370
30 41 44 994
24 30 26 1369
24 28 26 1344
33 57 46 1364
27 19 37 1362
34 52 46 1360
33 50 46 1050
20 47 23 1357
20 45 23 789
40 29 32 1356
25 29 29 1355
32 54 41 1354
30 54 41 1348
29 21 34 1353
38 50 28 1017
34 49 49 1351
32 49 51 1016
34 53 48 1350
33 51 48 1244
37 26 22 1349
37 26 20 1010
29 28 26 1347
29 19 38 1346
48 26 27 1345
48 24 27 1215
18 31 17 1342
18 29 17 1326
34 30 48 1341
34 30 46 658
28 43 30 1339
26 43 30 1264
28 29 42 1338
34 40 20 1337
32 40 20 1299
43 38 46 1335
43 36 46 1312
22 22 17 1334
20 22 17 1030
18 17 39 632
29 33 64 1332
18 31 15 1330
18 29 15 906
39 32 36 1329
39 30 36 1218
28 36 59 1328
28 36 57 973
32 32 49 1239
27 25 13 754
24 18 40 1324
32 50 32 1322
32 48 32 1273
17 33 11 1321
15 33 11 1129
45 29 33 1282
41 51 24 953
38 32 45 1317
32 41 37 1316
34 33 51 1315
34 31 51 770
37 30 47 1314
21 28 35 1254
41 37 46 1192
42 28 34 1309
42 29 32 1302
36 47 46 1308
36 47 44 911
34 50 28 1306
32 50 28 1294
30 48 20 1305
28 48 20 921
39 43 45 1304
20 36 17 1303
20 34 17 1288
42 26 34 1136
25 41 29 1300
23 41 29 1267
18 30 8 1298
16 30 8 1270
28 43 28 1295
26 43 28 978
32 48 28 1260
30 59 47 1293
30 59 45 1058
29 29 12 1291
30 29 40 1290
24 43 28 1289
22 43 28 1196
25 42 28 1287
31 48 49 1286
31 46 49 1125
37 27 51 1266
30 29 14 1284
30 27 14 766
32 49 30 1280
34 53 42 1102
33 41 45 1277
33 39 45 1221
22 29 25 1276
22 29 23 937
28 43 24 1275
26 43 24 764
45 47 36 977
22 30 40 1272
23 28 40 1025
31 41 39 1271
16 30 6 857
28 29 25 1269
26 29 25 1084
43 29 30 1268
23 39 28 1073
15 29 13 1265
15 29 11 975
45 42 38 1071
45 28 24 1261
45 26 24 724
42 54 30 1258
46 33 32 1257
46 31 32 1242
36 53 30 1256
36 53 28 1086
39 33 29 1253
30 32 49 1252
22 29 15 1248
20 29 15 1147
42 38 40 1158
20 26 40 1098
31 51 48 1170
18 37 16 1243
46 32 30 969
17 30 19 600
38 28 45 1143
26 28 48 1238
24 28 48 1134
21 33 15 1237
21 31 15 1135
35 42 31 1236
32 55 45 1235
28 32 43 1234
28 32 41 854
35 42 33 1231
35 40 33 1081
44 56 24 1230
42 56 24 1094
33 43 45 1229
24 30 69 1228
24 30 67 1110
20 30 8 1227
19 30 6 1205
28 41 28 1226
27 41 29 734
32 45 49 1224
30 45 48 1067
18 32 21 1223
30 56 39 1222
30 56 37 1082
33 39 43 1079
23 18 36 1220
21 18 36 1091
31 43 22 666
37 31 39 113
45 54 26 1217
45 54 24 1211
30 57 47 1216
30 57 45 1173
48 25 25 1033
20 29 48 1214
20 27 48 917
23 33 10 1213
23 32 8 1034
16 31 14 457
42 54 25 1190
17 29 11 1210
26 41 50 1209
26 41 48 590
28 23 53 1208
25 24 25 1105
18 29 13 1203
19 29 12 993
24 28 34 1202
22 28 34 1132
31 56 40 1201
48 32 30 1200
50 25 25 1199
18 28 18 1198
16 28 17 1142
18 26 17 1197
16 26 17 1005
24 27 40 1042
22 31 24 1194
40 29 45 1193
27 32 63 1191
33 44 44 1189
17 31 11 1188
15 31 11 920
25 31 11 1187
43 18 22 148
20 37 16 1185
18 39 16 948
19 39 29 1184
19 39 27 681
23 45 28 1183
19 39 13 1181
19 39 11 935
28 21 54 1179
26 21 54 1172
33 42 33 1178
33 40 34 968
22 23 36 1177
22 21 36 996
18 27 50 1176
18 27 48 621
27 24 17 1174
28 57 45 1004
26 21 52 115
45 28 26 1029
31 49 50 1039
21 39 28 1169
36 45 24 1167
36 43 24 156
43 20 22 1006
26 36 58 1165
26 36 56 1117
26 34 59 1164
26 34 57 1049
36 43 33 1163
36 43 31 1121
35 32 47 1161
35 27 19 1160
33 27 19 879
28 23 55 1159
26 23 56 1109
19 37 18 1157
27 34 60 1156
25 34 60 1126
20 24 41 1155
20 24 39 1114
40 30 38 1154
39 30 39 1023
44 54 27 1153
21 18 43 1152
20 26 17 1150
21 43 22 1149
21 41 22 852
19 27 35 964
27 36 61 1145
28 34 66 934
29 27 11 568
42 25 33 1141
26 40 58 1140
26 38 58 1095
34 44 42 1139
32 42 42 1122
35 40 31 1138
19 32 12 1137
25 26 48 1046
22 26 34 793
22 24 40 1131
40 33 36 1130
41 30 36 1106
26 36 60 1128
32 43 48 1127
30 43 48 932
31 47 48 1051
25 24 23 146
32 51 46 1123
31 49 46 675
30 42 42 470
36 41 32 876
46 26 27 1118
46 24 27 1060
35 45 46 1116
35 27 17 1115
35 25 17 744
20 24 37 954
25 32 21 1113
23 32 21 1064
23 40 25 1112
23 40 23 558
27 27 25 1111
25 27 25 881
30 30 65 1108
30 30 63 910
24 29 50 1107
22 29 50 922
32 53 42 1053
22 26 17 1103
34 54 40 1056
31 43 51 1101
29 43 51 924
29 47 47 1100
29 47 45 712
35 52 28 1099
36 50 28 991
24 32 13 1096
24 32 11 1065
38 30 42 1092
36 30 42 909
22 18 34 643
24 27 27 1090
45 32 24 1089
45 30 24 834
33 32 55 1088
32 32 53 779
18 22 14 1087
16 22 14 841
36 53 26 1068
29 30 54 1085
29 30 52 785
25 29 23 853
28 17 35 1012
25 32 9 1080
24 16 36 1078
26 41 52 1077
35 44 43 673
19 33 13 974
20 24 17 1074
20 24 15 965
35 47 49 1072
35 47 47 1018
45 42 36 514
32 42 50 1070
33 42 48 640
24 28 31 1069
34 53 27 914
21 27 20 1066
21 25 20 1043
21 32 21 405
18 47 14 1063
18 45 14 902
33 47 47 1062
33 48 45 1011
29 25 20 1061
29 25 18 970
46 24 25 946
24 34 9 1059
28 59 46 855
23 42 24 1057
23 42 22 1045
23 28 57 1055
23 28 55 669
36 46 47 1054
36 45 45 803
16 35 14 1052
34 40 36 1048
29 49 52 1047
29 47 50 672
22 27 48 1020
39 29 43 1044
38 27 44 1014
19 26 20 573
48 30 26 1041
47 30 24 956
30 29 11 1040
18 33 10 1038
18 33 8 869
26 41 31 1037
48 16 26 1036
46 16 26 688
18 29 48 1035
30 41 51 1032
28 41 51 871
28 43 26 1031
26 43 26 936
21 22 15 941
27 37 60 1028
45 49 37 1027
35 32 54 1026
35 30 54 945
30 55 42 1024
28 55 41 752
30 62 44 1021
28 62 44 992
40 52 39 1019
40 52 37 930
30 49 51 929
49 29 27 1015
49 29 25 923
36 28 42 529
16 24 14 1013
37 26 18 967
19 39 17 1009
19 39 15 988
27 25 55 1008
27 25 53 406
20 22 36 1007
20 22 34 348
16 24 17 981
33 33 56 1003
38 33 50 1002
38 33 48 942
20 24 43 1001
31 34 52 1000
32 32 56 927
30 62 42 999
28 62 42 836
21 36 6 998
19 36 6 966
35 47 28 636
22 22 34 971
31 47 50 990
45 30 26 989
41 35 47 987
39 38 51 827
17 29 9 986
15 29 9 445
38 49 25 985
38 49 23 426
26 30 63 796
20 37 14 983
18 36 14 735
31 52 49 982
19 25 15 896
31 22 11 980
29 22 11 487
24 27 32 972
24 25 31 893
29 25 16 682
37 26 16 742
19 34 6 725
43 26 27 963
43 26 25 420
39 28 39 962
39 26 39 260
32 29 14 960
32 27 14 944
24 15 37 959
24 13 37 705
38 52 31 958
36 52 31 925
39 40 47 957
21 39 12 955
29 34 51 952
29 32 54 816
22 45 13 951
20 45 13 702
40 48 25 950
40 48 23 719
23 39 12 949
34 31 41 947
34 29 41 629
44 47 41 943
44 45 40 776
18 23 15 888
34 56 38 940
34 54 38 531
45 33 33 939
45 31 33 899
20 29 24 579
17 39 14 784
30 44 46 848
27 22 56 931
25 22 56 775
16 34 10 928
16 33 8 850
21 24 14 926
21 24 12 331
34 52 30 780
48 29 23 872
20 29 50 849
26 48 20 912
16 31 9 907
27 28 13 919
19 28 20 918
18 36 12 916
18 36 10 505
13 28 10 915
13 28 8 361
33 43 23 913
28 30 64 878
46 20 25 908
46 18 25 451
20 27 13 835
16 39 25 905
16 39 23 763
30 56 43 885
18 43 14 768
34 40 43 901
32 40 41 828
50 16 26 900
45 29 35 870
24 31 25 898
24 31 23 856
23 27 50 897
21 27 50 843
37 52 39 895
32 41 47 894
32 46 25 892
32 46 23 842
31 59 43 891
29 59 43 622
45 50 39 890
45 48 41 709
15 40 27 889
15 38 26 746
23 40 21 887
23 38 21 822
26 33 23 886
24 33 23 867
39 28 42 884
38 26 43 667
18 49 18 883
18 47 18 680
28 26 61 882
26 26 64 464
32 34 41 880
32 32 39 678
34 25 19 689
28 42 45 874
28 40 45 574
44 35 46 873
42 35 46 798
28 41 49 736
45 27 33 419
44 45 35 868
22 32 23 581
41 53 22 865
41 51 22 654
27 28 29 864
24 47 19 863
24 45 19 710
29 32 52 862
29 32 50 769
18 46 19 861
32 50 44 858
32 51 42 542
16 30 4 469
21 39 22 359
20 16 34 41
29 44 41 758
28 34 41 846
19 48 16 845
19 48 14 358
31 22 39 844
31 20 39 642
20 20 15 526
26 50 20 840
25 46 27 839
25 44 27 786
29 62 46 838
49 19 22 837
47 19 22 646
28 60 42 817
21 48 17 833
21 48 15 677
21 18 38 832
21 16 38 756
24 25 41 831
35 40 22 830
36 38 22 692
32 38 41 781
39 40 48 727
22 45 11 826
20 45 11 562
20 25 18 825
21 23 18 738
47 33 33 824
47 31 33 794
18 45 12 823
18 43 12 662
23 38 19 693
18 27 19 821
18 23 17 584
29 28 59 820
30 26 59 800
29 43 22 818
27 43 23 567
32 44 50 815
32 52 32 814
32 51 30 761
26 42 39 813
24 42 39 307
26 31 40 801
29 28 55 811
27 28 61 809
25 24 56 810
28 26 55 771
30 39 48 808
28 39 48 648
22 25 39 807
21 36 13 806
47 47 35 805
45 48 35 519
17 32 17 804
30 42 22 802
28 41 22 726
20 43 14 799
45 18 24 797
45 18 22 655
17 36 6 795
17 34 6 462
50 29 34 753
22 24 37 694
18 45 17 453
26 57 44 790
26 57 42 587
20 45 21 556
37 54 31 788
35 54 30 741
27 14 41 787
25 14 41 210
23 46 27 733
17 37 14 613
32 51 35 783
32 49 35 696
26 41 27 782
26 41 25 548
34 50 30 598
28 41 25 778
45 51 37 777
47 50 38 686
28 28 14 774
26 28 14 652
17 44 33 772
17 42 33 397
27 27 59 486
34 38 21 767
34 38 19 555
39 47 24 765
38 45 24 700
14 39 24 576
21 47 19 762
21 45 19 411
32 52 28 617
23 27 17 760
49 44 37 759
48 42 37 346
19 46 15 757
17 46 15 320
19 16 37 691
21 42 24 755
21 40 24 577
25 24 14 695
47 27 33 564
26 55 41 536
21 46 15 751
27 40 23 750
25 39 23 386
47 45 39 749
48 43 39 472
27 22 11 748
25 22 11 152
21 28 57 747
21 28 55 19
36 39 22 745
33 25 17 395
28 27 60 743
26 27 63 615
36 24 19 343
34 31 39 740
34 29 39 523
32 53 30 739
19 26 22 737
22 45 15 732
37 28 16 731
37 28 14 685
36 26 13 730
34 26 13 351
19 35 11 729
19 32 8 670
27 28 21 728
25 28 21 422
26 41 23 639
46 24 22 478
20 32 20 723
28 39 50 722
26 39 50 619
31 26 60 721
27 26 65 508
47 20 26 718
47 18 26 676
29 57 43 717
27 56 43 713
30 27 22 716
27 25 22 572
51 19 22 715
32 52 34 714
32 45 47 635
26 27 28 711
26 25 28 580
20 42 18 708
20 42 16 384
23 26 13 707
23 24 13 631
36 28 18 706
24 11 37 483
49 17 22 704
47 17 22 593
24 32 26 703
23 24 15 701
34 43 48 699
31 22 37 698
32 20 37 314
26 38 25 697
24 38 25 522
32 46 34 294
29 22 13 690
44 16 26 474
48 23 28 687
48 23 25 660
17 28 6 684
15 28 6 251
34 50 45 683
26 25 18 383
29 22 54 679
29 22 52 501
32 30 39 220
23 39 26 674
29 25 13 671
29 22 15 668
38 27 42 625
30 39 50 665
47 31 25 664
47 31 23 595
32 25 14 663
30 25 14 534
21 30 21 661
21 28 21 282
48 23 23 532
32 27 24 659
32 25 24 641
45 20 22 657
22 28 14 656
21 43 19 653
19 43 20 256
36 38 19 651
30 28 23 650
32 57 47 649
26 39 48 125
25 27 62 647
25 27 60 421
38 28 41 645
38 26 41 627
47 43 38 644
46 43 36 228
29 41 20 566
22 15 37 638
22 13 37 350
24 43 23 375
33 47 28 491
49 49 37 634
50 47 37 585
28 27 18 633
28 27 16 80
25 25 11 535
19 28 46 630
19 26 46 286
46 42 39 628
45 40 38 333
31 23 38 626
31 23 36 490
24 40 26 624
24 41 24 468
48 45 37 623
46 45 37 549
20 43 21 620
27 27 17 618
30 51 28 498
48 47 37 616
24 27 63 463
36 28 13 614
34 28 13 427
40 23 19 612
40 21 19 485
41 32 31 611
41 32 29 423
32 26 17 610
34 26 15 367
48 28 27 609
47 24 28 492
25 58 43 608
25 56 41 446
46 46 39 607
17 42 13 606
17 42 11 436
47 22 20 605
47 20 20 499
50 21 24 604
48 21 24 533
24 28 64 515
30 50 33 602
30 49 34 92
25 27 17 601
23 25 17 553
51 45 37 597
26 13 37 596
20 43 23 594
46 21 24 592
46 21 22 342
18 32 6 591
25 48 35 589
23 48 35 376
31 39 34 588
31 37 33 377
24 54 43 240
27 27 19 586
27 25 20 226
37 29 15 582
36 28 15 430
47 41 39 578
47 41 37 396
13 40 20 268
42 39 33 575
42 37 33 425
24 50 42 418
44 30 30 571
42 31 30 507
25 49 32 570
25 47 32 429
22 30 55 569
48 46 39 565
42 29 39 563
40 29 39 460
18 41 12 225
23 29 17 561
33 29 19 560
33 28 17 551
49 26 26 559
50 24 26 552
31 49 18 557
29 49 18 338
46 27 35 554
25 23 17 504
48 19 24 547
48 17 24 496
35 30 15 546
33 30 15 538
31 36 52 545
29 35 60 544
30 26 19 543
32 49 42 513
21 26 13 541
20 13 37 540
20 11 37 162
31 38 35 539
30 38 33 537
34 52 38 416
22 26 15 530
22 24 16 477
32 31 41 528
29 26 56 527
34 28 20 524
34 25 21 296
24 50 35 520
28 22 57 518
25 22 58 495
33 30 13 517
32 48 44 516
36 48 47 480
26 29 17 512
49 22 20 511
49 20 20 398
35 52 24 510
28 48 24 509
26 49 24 261
27 24 58 428
40 31 31 337
26 47 18 506
24 48 18 79
18 34 12 287
23 23 17 493
23 49 20 503
23 47 20 341
20 44 24 502
43 35 34 500
41 35 34 245
45 20 20 53
26 51 24 497
34 54 31 494
34 52 32 198
40 19 19 407
24 15 42 482
24 15 40 203
27 51 18 481
27 49 18 456
24 17 41 479
42 41 33 476
40 40 33 230
35 26 34 475
35 24 34 54
40 32 32 473
32 24 36 471
32 24 34 61
24 43 39 467
29 24 55 466
29 24 53 458
47 14 25 465
45 14 25 401
28 24 56 347
31 25 17 461
47 36 35 459
45 36 35 372
25 49 18 447
44 20 16 455
42 20 16 454
42 18 16 64
18 41 18 435
29 12 37 452
27 12 37 414
43 36 35 450
41 36 36 242
17 40 13 449
17 40 11 410
25 39 43 448
25 37 43 319
30 52 33 444
33 25 13 443
33 25 15 137
23 49 33 442
23 47 33 75
17 48 14 441
19 31 39 440
19 28 37 339
46 41 40 439
23 48 29 438
23 48 27 431
18 42 16 334
46 39 39 434
46 39 37 140
26 15 40 433
25 21 15 432
25 21 13 345
23 48 25 195
38 27 15 373
40 38 33 191
32 18 32 424
32 16 32 281
41 26 25 56
32 24 38 417
32 54 38 400
25 41 43 415
26 10 37 413
47 19 19 412
47 19 17 360
15 37 12 295
28 38 51 409
28 34 46 128
34 26 36 408
32 26 36 404
38 20 19 72
33 26 34 291
46 39 41 403
26 25 65 402
24 25 58 70
33 54 36 335
20 44 17 399
27 49 22 394
25 48 22 222
24 37 41 392
24 35 39 308
27 51 20 391
30 18 38 390
30 18 36 155
30 29 16 389
28 29 16 370
31 26 22 388
29 24 21 212
22 28 39 387
27 21 13 385
27 23 18 217
27 42 47 382
25 50 21 381
23 50 21 252
35 27 15 380
33 27 13 243
42 32 33 379
43 30 27 378
41 30 27 233
24 46 34 369
28 36 53 374
30 32 64 305
26 13 40 371
26 11 40 310
28 30 14 354
44 40 33 368
31 49 20 366
35 28 34 365
47 42 40 364
50 41 37 182
36 49 34 363
34 49 34 352
28 33 65 362
13 28 6 264
47 19 15 81
42 38 35 357
41 32 27 356
34 29 18 355
26 10 42 353
24 10 42 349
35 49 32 258
22 14 35 90
24 8 42 199
26 19 13 232
25 42 44 344
25 42 42 290
20 9 37 340
20 7 37 73
51 45 38 336
33 50 37 206
42 38 37 316
32 50 34 332
32 47 33 173
30 28 25 330
32 25 26 229
30 38 14 329
30 36 14 280
21 11 39 328
21 9 39 124
34 24 35 327
45 36 39 326
45 34 39 250
40 20 21 325
38 20 21 244
22 28 27 324
25 29 27 317
32 34 14 323
30 34 14 93
30 31 36 322
29 31 34 207
26 43 47 321
46 34 34 318
44 34 34 276
20 28 25 188
44 40 35 78
28 23 37 315
28 21 37 122
30 20 37 311
28 37 52 313
26 53 29 312
26 51 29 67
26 9 40 273
27 52 21 309
24 33 39 237
48 34 34 306
29 17 33 304
25 48 29 303
23 48 31 297
30 18 32 302
30 16 32 9
34 49 36 301
32 50 36 299
47 21 17 300
34 47 36 274
22 14 39 298
20 14 38 184
16 35 11 213
20 14 41 293
20 12 41 172
37 31 17 292
37 32 15 117
23 9 39 289
29 24 23 288
30 20 53 285
30 20 51 119
49 30 29 284
31 49 35 283
23 25 43 279
27 36 40 278
26 36 41 277
29 24 37 275
27 24 37 134
24 9 40 255
24 20 51 272
22 20 51 3
24 22 51 271
22 22 51 262
42 21 18 270
42 22 16 204
32 20 52 269
50 18 23 267
41 35 40 265
11 28 7 83
44 33 38 263
42 33 38 168
24 49 23 249
22 13 42 259
34 19 34 257
34 19 32 16
25 10 39 197
22 9 37 254
22 7 37 234
48 39 39 253
48 39 37 174
43 35 39 187
24 48 24 248
28 46 23 100
45 35 37 247
43 35 37 171
26 30 18 246
40 32 34 158
39 37 37 209
22 14 41 241
20 15 40 185
37 26 44 239
31 29 10 238
32 27 10 112
24 11 41 236
28 25 37 235
26 20 11 4
33 47 38 231
33 47 36 215
35 24 36 227
28 23 19 219
40 28 14 224
38 26 14 150
41 21 22 223
41 19 22 178
34 25 12 221
32 54 31 218
33 51 33 163
28 24 18 216
26 23 13 166
30 50 36 136
37 31 14 214
13 36 12 170
37 21 35 211
37 21 33 99
36 32 14 208
34 31 14 97
42 33 40 205
23 13 39 183
44 33 36 202
42 33 36 192
32 23 39 201
30 46 23 200
26 20 51 196
23 49 24 165
31 25 59 194
27 25 66 190
51 16 25 193
49 16 23 154
43 51 36 189
46 50 37 86
26 48 26 186
21 12 38 76
43 32 27 181
41 34 27 59
22 21 53 180
43 37 39 179
43 37 37 176
41 17 22 36
45 19 16 177
34 33 14 175
27 29 15 169
42 20 19 167
21 48 24 84
22 11 38 164
41 18 24 161
37 21 37 160
51 16 23 159
37 23 33 157
30 22 34 151
34 16 32 153
39 30 14 114
16 20 38 149
16 18 38 120
45 13 19 147
43 13 19 48
23 22 21 2
31 24 10 145
29 24 12 94
25 13 34 144
23 13 34 95
16 16 38 143
16 14 38 17
50 20 19 142
42 52 38 141
42 50 37 121
32 25 22 139
32 25 20 55
26 27 66 138
34 26 24 135
31 26 21 63
20 14 36 133
20 14 34 98
22 46 25 131
21 46 24 42
43 32 29 130
41 34 29 68
33 26 25 129
26 34 42 104
31 37 44 127
31 37 42 123
21 48 21 126
29 21 32 105
28 20 51 10
36 50 32 118
36 48 32 107
37 32 13 51
49 19 15 116
38 29 14 50
45 15 19 111
43 15 19 38
47 33 29 110
45 32 29 102
47 15 19 109
36 26 39 108
27 47 22 106
44 20 19 103
36 16 32 101
35 21 34 45
20 12 34 24
20 7 39 96
23 11 34 82
44 23 20 91
36 29 19 89
36 29 17 77
22 10 42 88
23 10 38 87
25 21 59 85
9 28 7 6
40 19 17 74
38 19 17 11
42 24 26 71
42 22 26 58
26 23 58 66
43 15 17 69
41 15 17 14
47 15 17 65
45 15 17 62
30 24 20 25
33 22 36 32
44 26 19 60
44 24 19 26
42 23 24 22
25 15 43 57
21 13 43 52
35 26 32 43
16 22 38 49
41 13 19 20
50 18 17 47
48 18 17 21
47 13 19 46
34 22 33 33
45 17 17 44
43 17 17 35
16 24 38 40
34 19 36 39
41 15 19 30
31 19 34 37
30 20 32 12
32 19 33 34
32 19 31 31
44 25 21 29
16 18 40 28
49 20 17 27
27 15 30 5
43 15 21 23
42 11 19 18
44 12 17 7
16 18 36 8
24 20 53 15
24 20 55 13
16 16 35 1
29 30 47 773
30 30 47 773
30 32 47 773
30 31 47 773
31 32 47 773
31 33 47 773
30 35 47 773
31 35 47 773
31 34 47 773
30 33 46 773
30 32 46 773
38 43 44 1340
38 43 43 1340
30 30 51 1327
30 31 51 1327
31 32 51 1327
31 31 51 1327
32 31 51 1327
32 32 51 1327
30 30 50 1327
25 27 11 1386
25 27 10 1386
40 45 42 1494
40 44 40 1494
40 44 41 1494
40 45 41 1494
20 21 41 866
20 21 40 866
20 22 41 866
20 22 40 866
21 22 41 866
20 22 39 866
19 22 39 866
18 19 39 866
19 19 39 866
18 20 39 866
19 20 39 866
19 21 39 866
18 20 40 866
19 21 40 866
18 21 41 866
18 21 40 866
19 20 38 866
29 31 60 1438
29 32 60 1438
29 33 60 1438
29 32 61 1438
29 33 61 1438
29 32 62 1438
29 31 62 1438
29 33 62 1438
29 30 62 1438
28 31 60 1438
28 30 60 1438
26 31 62 1438
27 31 62 1438
28 31 62 1438
28 30 62 1438
28 30 61 1438
27 30 60 1438
27 30 61 1438
26 30 60 1438
28 29 60 1438
27 29 60 1438
28 33 61 1438
29 31 63 1438
30 33 62 1438
30 32 62 1438
29 33 59 1438
29 34 59 1438
29 31 59 1438
28 31 59 1438
31 26 26 1377
31 26 24 1377
31 26 25 1377
45 45 38 1263
45 44 38 1263
44 30 33 1429
44 30 32 1429
27 45 19 1460
27 45 20 1460
27 44 20 1460
27 40 20 1460
27 39 20 1460
27 41 20 1460
27 42 20 1460
27 43 20 1460
27 43 19 1460
27 38 20 1460
27 38 19 1460
27 38 21 1460
27 37 21 1460
31 53 45 1490
32 53 47 1490
32 53 46 1490
32 53 45 1490
33 53 47 1490
33 53 46 1490
31 52 45 1490
31 52 46 1490
31 32 57 1408
31 33 57 1408
31 34 57 1408
44 37 42 1453
44 38 42 1453
15 42 22 1421
15 42 21 1421
15 42 20 1421
24 29 41 1195
24 29 40 1195
42 47 43 1475
43 48 43 1475
43 48 44 1475
42 48 43 1475
42 48 44 1475
44 48 43 1475
45 49 43 1475
45 47 44 1475
45 47 43 1475
45 48 43 1475
39 30 30 1404
40 30 30 1404
41 28 31 1436
40 28 31 1436
42 28 31 1436
43 27 31 1436
43 28 31 1436
44 27 31 1436
40 28 30 1436
20 27 15 1093
21 27 14 1093
21 27 15 1093
38 36 38 1497
37 36 38 1497
35 36 38 1497
36 36 38 1497
35 37 38 1497
36 37 38 1497
35 37 39 1497
35 36 39 1497
42 47 40 1469
43 47 40 1469
43 48 39 1469
43 47 39 1469
41 46 40 1469
41 45 40 1469
42 45 40 1469
42 46 40 1469
42 46 41 1469
42 45 41 1469
38 27 38 1456
38 26 38 1456
38 28 38 1456
38 30 38 1456
38 29 38 1456
37 47 24 1488
37 48 24 1488
38 53 29 1388
38 52 29 1388
37 52 29 1388
28 30 40 812
28 29 40 812
38 46 43 1499
38 46 44 1499
38 46 42 1499
38 48 43 1499
38 47 43 1499
38 45 42 1499
38 44 42 1499
38 43 41 1499
38 44 41 1499
38 45 41 1499
24 28 37 1390
23 28 37 1390
31 39 25 1233
31 40 23 1233
31 40 24 1233
30 40 23 1233
30 39 23 1233
28 37 24 1233
28 38 24 1233
29 37 24 1233
29 38 24 1233
29 36 24 1233
28 36 24 1233
28 36 23 1233
29 37 23 1233
29 39 22 1233
29 38 22 1233
29 37 22 1233
29 38 23 1233
28 37 23 1233
30 38 23 1233
31 38 22 1233
30 38 22 1233
30 37 22 1233
28 35 23 1233
27 34 24 1233
27 34 25 1233
28 34 24 1233
28 34 25 1233
28 35 25 1233
28 34 23 1233
29 34 23 1233
32 39 22 1233
32 40 22 1233
32 40 23 1233
32 40 24 1233
34 39 23 1233
33 38 24 1233
33 39 24 1233
34 39 24 1233
32 39 24 1233
34 38 24 1233
32 39 25 1233
40 52 30 1336
40 52 29 1336
31 27 11 1144
31 26 11 1144
32 26 11 1144
29 28 28 1427
30 28 28 1427
38 35 42 791
38 35 41 791
37 35 40 791
38 35 40 791
35 35 40 791
36 35 40 791
35 35 41 791
38 36 42 791
42 26 29 393
41 26 29 393
42 27 29 393
43 26 29 393
42 25 29 393
34 41 39 1425
34 40 39 1425
34 39 39 1425
34 42 39 1425
34 42 38 1425
33 40 39 1425
33 39 39 1425
20 43 32 1434
20 43 31 1434
20 41 31 1434
20 42 31 1434
21 42 31 1434
21 42 32 1434
21 43 31 1434
22 42 30 1434
23 42 31 1434
22 42 31 1434
22 43 32 1434
22 42 32 1434
23 44 30 1434
22 44 30 1434
22 43 30 1434
19 42 31 1434
19 42 30 1434
19 41 30 1434
19 40 31 1434
19 41 31 1434
19 40 33 1434
19 40 34 1434
19 41 33 1434
19 41 32 1434
19 39 31 1434
20 39 30 1434
20 39 31 1434
20 41 30 1434
20 43 30 1434
21 42 33 1434
20 42 33 1434
19 42 33 1434
23 42 33 1434
22 42 33 1434
22 41 33 1434
24 42 33 1434
19 42 34 1434
19 43 34 1434
19 45 33 1434
19 45 34 1434
19 44 34 1434
20 45 33 1434
20 45 32 1434
20 44 32 1434
21 44 33 1434
21 43 34 1434
21 44 34 1434
21 45 33 1434
21 45 32 1434
22 45 32 1434
21 46 32 1434
21 46 31 1434
22 45 33 1434
20 44 31 1434
22 42 34 1434
21 42 34 1434
22 41 34 1434
21 47 31 1434
21 48 30 1434
21 47 30 1434
20 49 30 1434
20 48 30 1434
20 46 30 1434
20 47 30 1434
21 47 32 1434
21 48 32 1434
21 48 29 1434
20 48 29 1434
20 47 29 1434
21 47 29 1434
21 44 35 1434
29 19 34 1307
29 19 35 1307
29 19 36 1307
29 19 33 1307
29 19 32 1307
42 48 36 1363
42 47 36 1363
42 49 36 1363
42 48 37 1363
32 55 42 1104
32 55 43 1104
43 38 44 1396
43 39 44 1396
42 53 24 1319
41 53 24 1319
19 31 10 1251
20 31 10 1251
23 31 10 1251
23 30 10 1251
24 30 10 1251
22 31 9 1251
23 31 9 1251
22 31 10 1251
22 30 10 1251
21 30 10 1251
20 30 10 1251
24 29 10 1251
20 29 10 1251
27 29 10 1251
26 29 10 1251
26 29 9 1251
25 29 9 1251
25 29 10 1251
27 30 10 1251
19 31 11 1251
20 32 10 1251
20 32 11 1251
21 33 11 1251
20 33 11 1251
20 33 12 1251
21 28 10 1251
20 28 10 1251
20 28 11 1251
26 30 58 1467
26 29 58 1467
27 29 58 1467
26 28 58 1467
25 28 58 1467
26 27 58 1467
25 27 58 1467
40 26 33 489
40 27 33 489
40 42 42 1409
40 42 43 1409
18 43 19 792
18 44 19 792
27 31 68 1430
27 30 68 1430
27 30 67 1430
26 46 22 1452
26 46 23 1452
26 32 66 1498
26 32 65 1498
42 52 35 1491
42 52 36 1491
29 42 38 1120
30 42 38 1120
46 46 42 521
46 47 42 521
46 48 42 521
46 47 41 521
47 46 41 521
47 46 42 521
47 47 41 521
47 47 43 521
47 47 42 521
37 36 35 976
38 37 35 976
39 37 35 976
37 37 35 976
39 37 34 976
39 36 34 976
38 36 34 976
37 36 36 976
37 36 34 976
37 37 34 976
38 38 34 976
38 37 34 976
37 38 34 976
38 39 34 976
38 39 35 976
37 39 35 976
39 38 35 976
39 39 35 976
37 39 34 976
38 39 36 976
38 41 35 976
38 41 36 976
38 40 36 976
40 38 36 976
40 39 36 976
39 39 36 976
39 40 36 976
39 41 36 976
39 42 36 976
38 44 35 976
37 43 36 976
38 43 36 976
38 43 35 976
39 43 35 976
39 42 35 976
40 40 36 976
35 36 35 976
35 36 36 976
36 36 35 976
36 37 35 976
34 38 35 976
34 38 36 976
34 37 36 976
34 39 35 976
35 39 35 976
36 39 35 976
33 39 35 976
33 38 35 976
38 41 37 976
39 41 37 976
38 43 37 976
38 42 37 976
39 42 37 976
40 40 37 976
38 37 48 1151
39 37 48 1151
38 38 48 1151
38 34 46 1262
38 34 45 1262
22 27 36 1358
21 27 36 1358
29 45 37 1496
29 44 36 1496
29 44 37 1496
24 43 37 1496
24 44 37 1496
26 43 37 1496
25 43 37 1496
27 44 37 1496
27 44 36 1496
27 45 36 1496
27 45 37 1496
27 43 37 1496
28 45 37 1496
28 45 38 1496
28 44 36 1496
29 48 36 1496
27 48 36 1496
28 48 36 1496
28 47 38 1496
27 48 38 1496
28 48 38 1496
28 48 37 1496
28 47 37 1496
27 47 38 1496
27 46 38 1496
27 45 38 1496
26 45 38 1496
27 45 39 1496
30 45 37 1496
30 48 36 1496
30 47 36 1496
30 46 36 1496
30 46 37 1496
30 43 36 1496
30 44 36 1496
31 46 37 1496
29 44 35 1496
29 43 33 1496
29 43 32 1496
29 43 31 1496
29 43 34 1496
29 43 35 1496
30 43 32 1496
30 43 33 1496
30 43 35 1496
30 43 34 1496
28 48 35 1496
30 47 35 1496
30 47 34 1496
29 41 31 1496
29 40 31 1496
29 39 31 1496
29 42 31 1496
29 42 32 1496
30 40 32 1496
30 40 31 1496
30 41 32 1496
30 42 32 1496
29 41 30 1496
29 39 30 1496
30 39 30 1496
30 40 30 1496
29 38 30 1496
28 34 39 1465
28 33 39 1465
27 32 39 1465
28 32 39 1465
28 35 39 1465
28 36 39 1465
27 31 39 1465
29 36 39 1465
28 32 38 1465
25 31 63 603
25 31 64 603
27 21 34 1459
27 21 33 1459
40 35 40 1480
40 35 39 1480
40 47 43 1470
40 47 42 1470
40 47 44 1470
40 48 42 1470
40 47 45 1470
40 48 41 1470
39 49 41 1470
39 47 41 1470
39 48 41 1470
39 50 42 1470
39 49 42 1470
39 51 41 1470
39 51 42 1470
40 50 42 1470
40 50 43 1470
41 47 46 1470
41 47 45 1470
41 47 44 1470
19 30 41 1162
20 30 41 1162
35 43 45 1076
36 43 45 1076
37 43 45 1076
21 26 42 1437
21 27 42 1437
21 28 42 1437
38 55 29 1439
38 55 28 1439
27 19 34 1083
27 19 35 1083
27 19 32 1083
27 19 33 1083
30 54 38 904
30 54 39 904
20 19 41 1392
21 19 41 1392
41 37 44 1372
41 36 44 1372
42 37 44 1372
42 36 44 1372
40 35 42 1423
40 36 42 1423
28 29 44 979
29 29 44 979
30 29 45 979
30 29 44 979
31 29 45 979
29 30 44 979
42 36 42 1246
42 38 42 1246
42 37 42 1246
42 50 34 1424
41 50 33 1424
42 50 32 1424
42 50 33 1424
25 28 30 1380
25 27 30 1380
31 35 36 484
31 34 36 484
32 35 36 484
38 26 35 1368
39 27 35 1368
39 26 35 1368
38 26 36 1368
39 26 36 1368
37 26 36 1368
31 45 41 847
31 45 42 847
33 45 43 847
32 45 43 847
32 45 42 847
31 45 43 847
31 45 40 847
32 45 40 847
33 45 41 847
33 45 40 847
37 30 53 1285
36 30 53 1285
37 32 53 1285
37 31 53 1285
36 31 53 1285
37 29 53 1285
37 27 53 1285
37 28 53 1285
36 28 53 1285
36 28 54 1285
43 50 30 1365
43 49 30 1365
36 34 50 1440
36 34 49 1440
36 34 48 1440
36 35 50 1440
36 35 49 1440
36 36 48 1440
36 35 48 1440
36 33 50 1440
20 16 39 1333
21 17 39 1333
20 17 39 1333
34 48 43 1281
34 47 43 1281
34 47 44 1281
33 47 42 1281
34 48 41 1281
34 47 41 1281
34 47 42 1281
34 48 42 1281
45 50 35 1483
44 50 35 1483
44 50 34 1483
44 50 33 1483
44 49 33 1483
45 50 36 1483
44 51 35 1483
44 52 35 1483
18 35 17 1482
18 35 16 1482
15 40 22 1473
15 39 22 1473
38 36 50 1468
38 37 50 1468
39 37 50 1468
27 24 23 1124
27 23 23 1124
18 33 16 1397
18 33 17 1397
39 40 46 1361
38 40 46 1361
37 40 46 1361
38 40 45 1361
37 40 45 1361
38 40 43 1492
38 39 43 1492
38 41 43 1492
37 42 42 1492
38 42 42 1492
38 41 42 1492
38 40 41 1492
38 40 42 1492
38 38 42 1492
37 38 42 1492
38 38 43 1492
38 38 41 1492
36 42 42 1492
39 39 43 1492
39 40 43 1492
38 37 43 1492
27 27 9 1259
27 27 10 1259
28 27 10 1259
20 30 19 1241
19 30 19 1241
19 31 19 1241
19 32 19 1241
20 32 19 1241
20 33 19 1241
20 29 19 1241
20 28 19 1241
29 53 45 720
29 54 45 720
29 54 44 720
29 54 43 720
27 53 45 720
28 53 45 720
28 54 45 720
27 53 43 720
27 54 43 720
28 54 42 720
28 54 43 720
29 55 45 720
40 52 35 859
40 52 34 859
40 54 35 859
40 53 35 859
28 38 39 1435
25 39 36 1435
26 40 36 1435
26 39 36 1435
25 41 38 1435
25 41 37 1435
25 40 39 1435
25 40 38 1435
24 40 39 1435
26 38 39 1435
26 39 39 1435
26 40 39 1435
24 39 39 1435
26 40 38 1435
27 41 38 1435
27 39 38 1435
27 40 38 1435
26 40 37 1435
24 41 36 1435
24 41 37 1435
23 40 37 1435
23 41 37 1435
23 41 36 1435
21 41 36 1435
22 41 36 1435
27 41 37 1435
26 41 37 1435
26 41 36 1435
26 41 38 1435
27 39 39 1435
28 39 39 1435
27 40 39 1435
28 40 39 1435
28 41 37 1435
28 40 37 1435
29 40 39 1435
29 39 39 1435
29 41 39 1435
29 39 38 1435
29 40 36 1435
29 40 37 1435
29 39 37 1435
28 40 40 1435
29 40 40 1435
29 39 40 1435
25 39 35 1435
25 38 35 1435
25 40 35 1435
25 41 35 1435
26 39 35 1435
21 42 36 1435
23 42 36 1435
22 42 36 1435
