30 42 24 2160
30 42 22 1911
34 46 35 2159
34 46 33 2008
22 34 12 2158
20 34 12 2128
31 46 23 2157
31 44 23 2041
38 49 41 2156
36 49 41 2136
30 42 26 2155
20 34 14 2154
34 42 22 2153
32 42 22 2150
32 42 24 2152
25 31 12 2151
23 31 12 2123
30 42 43 2149
30 40 43 2079
30 41 45 2148
35 47 38 2147
35 45 38 1980
34 46 39 2146
32 46 39 2089
27 31 12 2145
37 47 39 2144
37 45 39 2137
34 46 37 2143
36 46 39 2142
32 47 41 2141
32 45 41 2095
21 47 36 2140
21 45 36 2108
32 48 39 2139
30 33 61 2138
30 33 59 2129
34 49 41 2135
32 49 41 2117
28 43 46 2134
28 41 46 2130
32 42 45 2133
32 40 45 2048
25 33 12 2132
23 33 12 2109
33 32 66 2131
31 32 66 2119
26 42 46 2021
30 31 60 1995
20 32 12 1951
34 47 43 2127
32 47 43 2082
39 36 36 2126
37 36 36 2086
27 29 12 2125
25 29 12 2051
41 36 34 2124
39 36 34 1617
33 30 66 2122
31 30 66 2105
28 41 41 2121
28 39 41 1918
19 45 36 2120
19 43 36 2094
28 45 41 2118
28 43 41 2106
34 47 41 2114
32 47 45 2116
19 41 36 2115
19 39 36 2037
34 33 66 2113
32 34 66 2112
36 45 37 2111
34 46 26 2110
34 46 24 2075
21 43 36 2104
21 34 10 2107
21 32 10 2092
32 32 64 2100
21 41 36 2054
33 45 23 2103
41 36 36 2102
32 30 63 2101
30 30 63 2057
32 45 25 2099
21 36 10 2098
23 32 10 2097
33 54 37 2096
31 54 37 2093
29 54 37 2084
21 30 10 2090
28 40 43 2091
19 32 10 2085
34 47 22 2088
34 45 22 2070
40 42 36 2087
38 42 36 1974
20 28 10 1251
27 54 37 2077
28 54 39 2083
36 44 33 2081
34 44 33 1967
32 32 61 2080
32 32 59 2078
30 40 41 2014
28 54 35 1992
42 42 36 2076
30 44 22 2074
31 34 60 2073
36 44 24 2072
34 44 24 2062
33 44 43 2071
31 44 45 2028
36 46 35 2069
36 46 33 2044
19 31 12 2068
24 43 43 2067
22 43 43 1928
37 44 25 2066
37 44 23 2065
37 42 24 2059
29 31 63 2064
27 31 63 1957
24 48 35 2063
24 48 33 2035
35 42 24 2036
31 44 47 2061
21 39 36 2060
39 55 44 2058
39 55 42 1982
48 48 43 2056
48 48 41 2042
34 43 26 2055
32 43 26 2029
29 44 44 2053
29 44 42 2013
29 44 46 2052
26 29 10 1979
27 44 21 2050
27 42 21 1704
37 46 37 2049
31 41 46 2040
26 43 39 2047
26 43 37 1888
24 46 31 2046
22 46 31 2039
39 38 45 2045
37 38 45 1705
21 41 32 2043
19 41 32 1868
48 46 42 521
22 44 31 1984
24 46 36 2038
24 46 34 2002
20 39 34 1959
25 44 36 2034
25 42 36 1983
43 36 34 2033
30 51 36 2032
30 51 34 1875
33 41 46 2031
33 39 45 1810
20 28 12 2030
24 49 36 2027
24 50 33 1945
31 39 43 2026
31 39 41 1850
22 44 34 2025
22 42 34 1933
23 45 39 2024
23 43 39 2007
27 39 23 2023
27 37 23 1867
27 46 21 2022
24 42 46 1948
44 42 36 2020
29 32 40 2019
29 32 38 1821
23 47 39 2018
19 43 32 2017
38 42 44 2016
38 40 44 1793
28 29 11 2015
28 29 9 1896
31 43 43 2000
30 31 10 2012
30 29 10 2006
30 51 38 2011
23 45 41 2010
33 34 65 2009
31 34 65 2005
24 43 37 1814
31 34 63 2004
29 34 63 1939
41 44 38 2003
41 44 36 1611
24 44 35 1777
40 43 47 2001
38 43 47 1950
48 50 42 1999
27 43 42 1998
25 43 41 1971
26 45 36 1997
26 45 34 1963
25 31 9 1996
23 31 9 1962
30 29 60 1964
39 53 43 1994
39 51 43 1883
45 51 37 1993
45 51 35 1969
28 52 37 1988
29 52 39 1991
29 50 39 1873
30 34 62 1990
30 35 59 1913
28 45 43 1989
26 43 43 1968
19 49 38 1987
19 47 38 1976
19 51 38 1986
34 46 31 1985
34 44 31 1931
22 42 31 1556
23 42 36 1781
21 47 34 1981
21 45 34 1863
26 42 34 1978
24 42 34 1960
28 31 60 1977
28 29 60 1639
19 44 39 1946
30 40 26 1975
30 40 24 1972
41 40 36 1799
41 51 44 1973
41 51 42 1852
30 40 22 1953
38 39 47 1970
38 37 47 1832
45 51 33 1773
25 43 44 1956
22 28 10 1966
32 41 42 1965
31 41 40 1906
28 40 24 1961
28 38 24 1774
20 43 33 1912
33 46 47 1958
31 46 49 1909
41 47 40 1955
41 45 40 1469
40 40 47 1954
38 41 47 1908
30 38 24 1827
35 51 41 1952
36 48 44 1652
21 30 19 1949
21 28 19 1561
24 40 46 1843
40 42 38 1947
40 40 38 1750
19 46 37 1878
27 33 39 1944
27 31 39 1465
43 47 40 1943
43 45 40 1941
21 32 19 1942
30 37 59 1940
35 50 43 1938
35 48 46 1894
30 49 38 1937
30 49 36 1670
26 43 45 1936
26 41 44 1925
32 39 22 1935
35 38 35 1934
33 38 35 976
41 46 36 1932
30 47 38 1802
33 42 43 1930
32 40 43 1830
42 42 38 1929
42 40 38 1916
24 41 42 1435
35 47 44 1927
34 43 43 1893
31 43 32 1926
31 41 32 1806
19 42 40 1924
19 42 38 1866
22 50 31 1923
20 50 31 1807
37 53 47 1922
35 53 47 1808
20 52 31 1921
33 43 45 1920
33 46 46 1919
31 47 48 1572
36 37 50 1917
36 35 50 1758
27 52 21 1915
27 50 21 1797
27 53 39 1914
27 51 39 1876
20 22 42 1910
18 22 42 1872
39 42 34 1907
39 40 34 1768
23 23 43 1905
21 23 43 1829
33 52 47 1904
33 52 45 1490
39 48 43 1903
39 46 43 1672
28 42 26 1902
28 40 26 1892
42 48 40 1901
39 52 41 1900
39 50 41 1887
25 41 39 1899
25 41 37 1844
32 49 37 1898
39 47 40 1897
39 45 40 1885
27 34 27 1895
27 34 25 1647
34 40 43 1833
28 38 26 1835
29 34 39 1891
33 43 34 1890
33 41 34 1783
27 48 21 1889
39 48 41 1470
19 40 40 1886
19 40 38 1616
39 46 38 1820
22 48 31 1884
20 48 31 1815
39 47 47 1882
39 47 45 1738
35 51 44 1881
35 48 48 1860
23 50 34 1880
20 23 40 1879
20 21 40 1861
19 47 35 1788
29 34 27 1877
29 34 25 1822
27 49 39 1775
44 38 36 1874
44 38 34 1813
18 20 42 1778
44 51 45 1871
44 51 43 1559
41 42 34 1870
41 40 34 1834
38 43 43 1869
36 43 43 1709
27 38 21 1849
22 43 37 1865
41 49 41 1864
23 43 35 1780
29 45 37 1862
27 45 37 1725
20 19 40 1839
39 51 45 1859
39 49 45 1752
29 36 39 1858
20 25 40 1857
42 38 36 1856
40 38 36 1828
37 53 49 1855
35 53 49 1842
31 57 46 1854
31 55 47 1760
42 38 34 1853
40 38 34 1824
27 56 44 1851
27 54 44 1696
27 38 19 1460
30 34 23 1848
28 34 23 1233
33 42 47 1847
34 40 46 1841
29 55 45 1846
18 21 40 1845
18 19 40 1789
26 38 44 1741
27 19 38 1840
27 19 36 1550
22 49 29 1838
20 49 29 1826
47 51 43 1837
47 49 43 1711
36 37 48 1836
36 35 48 1576
22 47 29 1831
20 47 29 1434
30 38 43 1812
21 21 43 1628
30 42 34 1825
28 42 34 1590
38 38 35 1728
39 31 53 1823
39 29 53 1598
39 46 36 1579
38 43 40 1819
38 44 38 1726
35 48 50 1818
40 43 40 1817
40 44 39 1811
32 32 52 1816
30 32 52 1747
20 46 31 1767
38 44 46 1809
35 53 45 1543
31 42 30 1714
27 19 34 1805
27 19 32 1083
19 32 19 1804
19 30 19 1241
43 48 49 1803
43 48 47 1720
33 41 40 1801
33 39 40 1577
27 30 69 1800
27 30 67 1430
35 45 41 1798
35 43 40 1779
27 48 19 1699
40 35 42 1796
40 35 40 1665
33 54 45 1795
43 27 29 1794
41 27 29 1602
38 40 42 1573
40 43 43 1792
30 55 47 1791
30 55 44 1691
22 48 36 1790
19 20 38 866
38 30 38 1787
38 28 38 1594
30 40 32 1786
30 40 30 1766
45 27 29 1785
41 48 47 1784
41 48 45 1770
33 41 32 1769
32 40 48 1782
32 38 48 1755
35 41 40 1772
38 41 38 1776
38 39 38 1610
28 36 23 1634
45 49 33 1483
35 39 40 1757
28 39 39 1771
28 37 39 1645
41 48 43 1627
33 41 30 1744
30 38 30 1496
33 34 48 1765
31 34 48 1595
47 50 37 1764
47 50 35 1716
31 32 48 1763
31 30 48 1683
50 46 43 1762
50 46 41 1603
37 47 43 1761
33 45 42 1715
29 55 48 1753
41 36 39 1759
39 36 40 1712
23 19 41 1756
21 19 41 1392
32 36 48 1745
42 28 32 1754
40 28 32 1631
30 34 46 1751
30 32 46 773
41 38 38 1740
25 47 37 1749
25 45 37 1689
41 48 49 1748
30 30 52 1690
39 33 53 1746
38 34 38 1743
38 32 38 1710
39 36 38 1742
37 35 41 1739
35 35 41 791
18 21 44 1737
29 53 45 1736
27 53 45 720
40 40 40 1735
42 29 29 1734
37 36 38 1733
37 36 40 1732
35 36 38 1497
27 29 58 1731
27 27 58 1622
37 38 38 1730
35 38 38 1694
35 40 35 1729
33 40 37 1718
42 43 39 1727
21 23 41 1724
21 21 41 1626
41 26 37 1723
41 26 35 1659
36 38 40 1722
47 47 45 1721
47 47 43 1520
43 48 45 1703
27 44 38 1719
23 44 42 1679
35 36 40 1717
31 45 42 847
39 26 37 1713
39 26 35 1666
20 18 39 1708
20 16 39 1333
33 48 44 1707
37 45 46 1706
35 43 46 1076
27 45 19 1580
31 53 45 1702
42 42 44 1701
40 42 42 1409
28 36 26 1700
42 40 42 1698
42 38 42 1564
32 39 30 1697
28 55 42 1656
38 39 49 1695
38 37 49 1151
43 50 34 1693
41 50 34 1585
40 56 36 1692
40 54 36 1596
30 30 50 1327
43 38 44 1688
41 38 44 1544
50 48 43 1687
50 48 41 1615
32 29 44 1686
30 29 44 1624
37 49 24 1685
37 47 24 1488
46 27 32 1684
44 27 32 1641
29 30 48 1549
40 35 44 1682
42 50 43 1681
44 50 46 1680
44 50 43 1644
21 43 39 1678
35 35 43 1677
44 47 41 1676
44 47 39 1513
41 37 43 1675
41 35 45 1423
21 36 19 1674
21 34 19 1649
34 39 37 1673
34 37 37 1657
41 44 43 1508
15 43 24 1671
15 43 22 1542
46 52 43 1669
22 17 39 1668
32 28 11 1667
32 26 11 1144
37 26 36 1368
38 35 40 1660
41 40 48 1664
39 40 51 1534
34 26 11 1663
36 39 48 1662
45 29 32 1661
43 29 32 1648
36 39 35 1658
30 37 39 1655
39 35 53 1654
19 34 19 1653
33 51 43 1281
33 31 51 1651
36 38 51 1650
36 35 52 1604
44 49 39 1646
38 34 47 1643
38 34 45 1262
23 27 36 1642
21 27 36 1358
44 54 35 1640
44 52 35 1629
26 30 60 1438
40 37 48 1638
41 52 31 1637
41 52 29 1336
33 33 51 1636
31 33 51 1583
31 36 36 1635
31 34 36 484
38 38 51 1633
38 36 50 1468
18 35 18 1632
18 35 16 1482
40 28 30 1436
25 29 58 1630
25 27 58 1467
21 22 39 1600
49 48 44 1625
28 29 44 979
29 19 36 1623
29 19 34 1620
22 27 16 1621
22 27 14 1601
29 19 32 1307
39 28 35 1619
33 35 36 1618
27 32 68 1614
38 37 42 1613
26 32 58 1612
26 30 58 1584
38 43 37 1510
31 26 28 1609
31 26 26 1533
27 27 11 1608
27 27 9 1259
42 49 39 1607
42 49 37 1541
29 31 44 1606
39 48 36 1605
42 25 29 393
20 27 15 1093
18 45 19 1599
18 43 19 792
39 27 53 1545
43 51 30 1597
43 49 30 1365
40 52 36 1537
30 36 48 1589
38 26 38 1456
29 27 10 1593
40 37 50 1592
29 31 65 1591
21 30 42 1588
21 28 42 1536
39 45 46 1587
41 43 44 1340
38 45 47 1586
42 50 32 1424
26 32 67 1582
26 32 65 1498
39 52 29 1581
37 52 29 1388
27 40 20 1578
37 44 37 1515
34 42 38 1425
36 33 50 1440
34 45 45 1575
41 46 43 1574
40 46 41 1547
38 38 41 1492
31 45 44 1526
38 54 29 1571
44 39 42 1570
44 37 42 1453
40 28 34 1569
40 26 33 489
42 50 36 1568
27 21 35 1567
27 21 33 1459
26 46 24 1566
26 47 22 1452
43 53 24 1565
41 53 24 1319
42 36 42 1246
36 28 55 1563
36 28 53 1285
29 19 40 1562
29 19 38 1506
28 31 40 1560
28 29 40 812
43 48 43 1475
42 47 42 1558
43 45 42 1514
44 36 44 1557
42 36 44 1372
21 31 41 1555
19 30 41 1162
38 47 41 1554
38 45 41 1530
37 32 53 1553
37 30 53 1531
32 29 46 1552
30 29 46 1529
42 51 37 1551
42 44 42 1548
40 44 41 1494
31 34 57 1546
31 32 57 1408
15 43 20 1421
42 47 36 1363
44 30 34 1540
44 31 32 1429
42 35 41 1539
42 35 39 1480
30 54 41 1538
30 54 39 904
40 52 34 859
21 26 42 1437
38 36 53 1535
39 40 49 1517
31 26 24 1377
31 28 28 1532
29 28 28 1427
39 43 42 1499
41 30 30 1528
39 30 30 1404
25 29 30 1527
25 27 30 1380
42 54 37 1525
42 52 35 1491
32 55 44 1524
32 57 42 1104
37 40 50 1523
37 40 48 1361
27 25 23 1522
27 23 23 1124
15 41 22 1521
15 39 22 1473
18 33 18 1519
18 33 16 1397
25 28 37 1518
23 28 37 1390
28 30 58 1516
43 41 44 1512
44 39 44 1396
25 27 12 1511
25 27 10 1386
24 29 42 1509
24 29 40 1195
25 31 65 1507
25 31 63 603
38 55 30 1505
38 55 28 1439
31 36 57 1504
31 43 38 1503
29 42 38 1120
45 46 38 1502
45 44 38 1263
40 55 27 1501
40 55 25 1148
31 49 24 1500
31 47 24 1219
36 44 41 1366
24 32 66 1391
46 47 40 1495
45 48 38 1274
44 52 33 1493
44 52 31 1454
26 45 22 1489
26 43 22 1296
35 48 24 1022
35 50 24 1487
36 31 46 1486
36 29 46 1331
26 48 23 1485
32 45 47 1484
23 27 38 1481
23 25 38 1323
40 35 37 1419
46 36 44 1479
31 49 44 1478
31 47 46 1379
30 36 37 1477
28 36 37 877
41 28 35 1476
43 26 35 1462
42 56 27 1474
42 54 27 1343
15 40 20 599
42 37 50 1472
36 44 31 1471
34 42 31 1406
26 27 56 437
41 53 27 1466
39 53 27 1119
25 33 62 1464
42 25 31 1463
22 17 41 1461
20 17 41 1207
25 41 20 860
34 40 32 1458
34 40 30 525
28 18 40 1457
26 18 40 1411
36 29 38 1301
39 32 30 1455
43 52 29 1402
40 55 29 1451
34 55 44 1450
34 55 42 1278
24 30 24 1449
24 28 24 1255
43 52 34 1448
40 52 32 1441
30 49 30 1447
30 49 28 1175
33 38 20 1446
31 38 20 550
31 47 51 1445
27 18 39 1444
25 18 36 1180
43 20 26 1443
43 20 24 1166
22 16 36 1442
20 16 36 851
36 32 48 875
19 28 42 1245
44 25 31 1415
17 33 14 1433
15 33 14 1212
25 27 36 1432
43 18 26 1431
43 18 24 1186
27 30 65 1133
42 31 32 1097
23 25 36 1428
21 25 36 1146
30 26 29 1292
33 32 47 1426
34 37 40 1232
29 27 25 1422
29 27 23 933
50 29 33 1420
48 29 33 1320
34 43 41 1418
35 41 42 1398
47 29 26 1417
47 27 26 1171
33 35 40 1416
31 35 40 1405
28 51 29 1414
28 49 29 266
26 23 54 1413
26 23 52 995
30 49 32 1412
24 18 38 1204
44 29 28 1410
42 30 28 1225
45 53 24 1407
32 35 38 1318
40 29 28 829
24 42 27 1403
24 42 25 637
15 41 26 1401
15 41 24 1250
32 41 47 1400
30 41 47 819
32 31 45 1399
30 31 45 1359
36 39 42 1367
18 34 14 1075
39 38 50 1395
39 38 48 1168
47 28 24 1394
47 26 24 1247
28 29 13 1393
25 29 14 938
24 30 65 984
21 28 37 1313
44 52 26 1389
42 52 26 1249
38 52 27 1352
27 26 15 1387
27 24 15 1325
25 27 8 583
39 30 45 1385
37 30 45 1240
45 27 34 1384
34 33 53 1383
34 31 53 1283
33 46 44 1382
35 41 44 1310
21 29 39 1381
19 29 39 961
25 25 30 1311
33 50 42 1279
23 29 29 1378
23 27 29 132
29 26 26 1297
33 57 44 1376
33 57 42 903
25 24 29 1375
25 24 27 1206
30 46 20 1374
28 49 20 488
20 36 15 1373
20 34 16 1182
35 49 29 1371
35 49 27 997
32 45 45 1370
34 42 44 994
24 30 26 1369
24 28 26 1344
33 57 46 1364
27 19 41 1362
37 52 46 1360
35 50 46 1050
20 47 23 1357
20 45 23 789
40 29 33 1356
25 30 29 1355
32 56 41 1354
30 54 43 1348
29 21 34 1353
38 50 28 1017
34 49 49 1351
32 49 53 1016
38 53 50 1350
33 51 48 1244
37 26 22 1349
37 26 20 1010
29 28 26 1347
29 19 42 1346
48 26 27 1345
48 24 27 1215
18 31 17 1342
18 29 17 1326
34 30 48 1341
34 30 46 658
28 43 30 1339
26 43 30 1264
28 29 42 1338
34 40 20 1337
32 40 20 1299
43 38 46 1335
43 36 46 1312
22 22 17 1334
20 22 17 1030
18 17 39 632
29 33 64 1332
18 31 15 1330
18 29 15 906
39 32 36 1329
39 30 36 1218
28 36 59 1328
28 36 57 973
32 32 49 1239
27 25 13 754
24 18 40 1324
32 51 32 1322
32 49 32 1273
17 33 11 1321
15 33 11 1129
46 29 33 1282
41 51 24 953
38 32 45 1317
32 41 37 1316
35 33 51 1315
35 31 51 770
37 30 47 1314
21 28 35 1254
41 37 46 1192
42 28 34 1309
42 29 33 1302
36 47 46 1308
37 47 44 911
34 50 28 1306
32 50 28 1294
30 48 20 1305
28 51 20 921
41 43 46 1304
20 36 17 1303
20 34 18 1288
44 26 34 1136
25 41 29 1300
23 41 29 1267
18 30 8 1298
16 30 8 1270
28 44 28 1295
26 43 28 978
32 48 28 1260
30 59 47 1293
30 60 45 1058
29 29 12 1291
30 29 40 1290
24 43 28 1289
22 43 28 1196
25 42 28 1287
31 48 51 1286
31 46 51 1125
37 27 51 1266
30 29 14 1284
30 27 14 766
32 49 30 1280
34 53 42 1102
36 41 45 1277
35 39 45 1221
22 29 25 1276
22 29 23 937
28 43 24 1275
26 43 24 764
45 47 36 977
22 30 40 1272
23 28 40 1025
31 42 39 1271
16 30 6 857
28 29 25 1269
26 29 25 1084
43 29 30 1268
23 39 28 1073
15 29 13 1265
15 29 11 975
45 42 38 1071
45 28 24 1261
45 26 24 724
42 54 30 1258
46 33 32 1257
46 31 32 1242
36 53 30 1256
36 53 28 1086
39 33 29 1253
30 32 50 1252
22 29 15 1248
20 29 15 1147
42 38 40 1158
20 28 40 1098
31 51 48 1170
18 37 16 1243
46 32 30 969
17 30 19 600
38 28 45 1143
26 28 48 1238
24 28 48 1134
21 33 15 1237
21 31 15 1135
36 42 31 1236
33 55 46 1235
28 32 43 1234
28 32 41 854
36 42 33 1231
35 40 33 1081
44 56 24 1230
42 56 24 1094
34 43 47 1229
24 30 69 1228
24 30 67 1110
20 30 8 1227
19 30 6 1205
28 41 29 1226
27 41 30 734
32 45 51 1224
30 45 49 1067
18 32 21 1223
30 56 39 1222
30 57 37 1082
35 39 43 1079
23 18 36 1220
21 18 36 1091
31 47 22 666
37 31 39 113
45 54 26 1217
46 54 24 1211
30 57 47 1216
30 58 45 1173
48 25 25 1033
20 29 48 1214
20 27 48 917
24 33 10 1213
23 32 8 1034
16 31 14 457
42 54 25 1190
17 29 11 1210
26 41 50 1209
26 41 48 590
28 23 53 1208
25 24 25 1105
18 29 13 1203
19 29 12 993
24 28 34 1202
22 28 34 1132
31 56 40 1201
48 32 30 1200
50 25 25 1199
18 28 18 1198
16 28 17 1142
18 26 17 1197
16 26 17 1005
24 27 40 1042
22 31 24 1194
40 29 45 1193
27 32 64 1191
33 44 46 1189
17 31 11 1188
15 31 11 920
25 32 13 1187
43 18 22 148
20 37 16 1185
18 39 16 948
19 39 29 1184
19 39 27 681
23 45 28 1183
19 39 13 1181
19 39 11 935
28 21 54 1179
26 21 54 1172
34 42 35 1178
33 41 36 968
22 23 36 1177
22 21 36 996
18 27 50 1176
18 27 48 621
27 24 17 1174
28 57 45 1004
26 21 52 115
45 28 26 1029
31 49 52 1039
21 39 28 1169
36 46 24 1167
38 45 24 156
43 20 22 1006
26 36 58 1165
26 36 56 1117
26 34 59 1164
26 34 57 1049
37 43 33 1163
37 43 31 1121
35 32 47 1161
35 27 19 1160
33 27 19 879
28 23 55 1159
26 23 56 1109
19 37 18 1157
27 34 60 1156
25 34 60 1126
20 26 41 1155
20 26 39 1114
40 30 38 1154
39 30 39 1023
44 54 27 1153
21 18 43 1152
20 26 17 1150
21 43 22 1149
21 41 22 852
19 27 35 964
27 36 61 1145
28 34 66 934
30 27 11 568
42 25 33 1141
26 40 58 1140
26 38 58 1095
34 44 42 1139
34 42 42 1122
35 40 31 1138
19 32 13 1137
25 26 48 1046
22 26 34 793
22 24 40 1131
40 33 36 1130
41 30 36 1106
26 36 60 1128
32 43 48 1127
30 43 49 932
31 47 50 1051
25 24 23 146
34 51 46 1123
31 49 46 675
34 43 43 470
36 41 32 876
46 26 27 1118
46 24 27 1060
35 45 46 1116
35 27 17 1115
35 25 17 744
20 24 37 954
25 32 21 1113
23 32 21 1064
23 40 25 1112
23 40 23 558
27 27 25 1111
25 27 25 881
30 30 67 1108
34 30 67 910
24 29 50 1107
22 29 50 922
32 55 42 1053
22 26 17 1103
34 54 40 1056
31 43 51 1101
29 43 51 924
29 47 47 1100
29 47 45 712
35 52 28 1099
36 50 28 991
24 32 15 1096
24 34 13 1065
38 30 42 1092
36 30 42 909
22 18 34 643
24 27 27 1090
45 32 24 1089
45 30 24 834
33 32 55 1088
33 32 53 779
18 22 14 1087
16 22 14 841
36 53 26 1068
29 30 55 1085
29 30 53 785
25 29 23 853
28 17 35 1012
26 32 9 1080
24 16 36 1078
26 41 52 1077
35 44 43 673
19 33 15 974
20 24 17 1074
20 24 15 965
35 47 53 1072
35 47 51 1018
46 42 36 514
32 42 50 1070
34 42 48 640
24 28 31 1069
34 53 27 914
21 27 20 1066
21 25 20 1043
21 32 21 405
18 47 14 1063
18 45 14 902
33 47 48 1062
33 48 46 1011
29 25 20 1061
29 25 18 970
46 24 25 946
24 34 9 1059
28 59 46 855
23 42 24 1057
23 42 22 1045
23 28 57 1055
23 28 55 669
36 46 47 1054
36 45 45 803
16 35 14 1052
34 41 37 1048
29 49 54 1047
29 47 50 672
22 27 48 1020
39 29 43 1044
38 27 44 1014
19 26 20 573
48 30 26 1041
47 30 24 956
31 29 11 1040
18 33 10 1038
18 33 8 869
26 41 31 1037
48 16 26 1036
46 16 26 688
18 29 48 1035
30 41 51 1032
28 41 51 871
28 44 26 1031
26 43 26 936
21 22 15 941
27 37 60 1028
45 49 37 1027
35 32 54 1026
35 30 54 945
31 56 43 1024
28 56 41 752
30 62 44 1021
28 62 44 992
40 52 40 1019
40 52 38 930
30 49 53 929
49 29 27 1015
49 29 25 923
36 28 42 529
16 24 14 1013
37 26 18 967
19 39 17 1009
19 39 15 988
27 25 55 1008
27 25 53 406
20 22 36 1007
20 22 34 348
16 24 17 981
33 33 56 1003
38 33 50 1002
38 33 48 942
20 24 43 1001
31 34 52 1000
32 32 56 927
30 62 42 999
28 62 42 836
21 36 6 998
19 36 6 966
35 47 28 636
22 22 34 971
31 47 52 990
45 30 26 989
41 35 47 987
39 38 53 827
17 29 9 986
15 29 9 445
38 49 25 985
38 49 23 426
26 30 63 796
20 37 14 983
18 36 14 735
31 52 49 982
19 25 15 896
31 22 11 980
29 22 11 487
24 27 32 972
24 25 31 893
29 25 16 682
37 26 16 742
19 34 6 725
43 26 27 963
43 26 25 420
39 28 39 962
39 26 39 260
32 29 14 960
32 27 14 944
24 15 37 959
24 13 37 705
38 52 31 958
36 52 31 925
39 40 47 957
21 39 12 955
29 34 51 952
29 32 55 816
22 45 13 951
20 45 13 702
40 48 25 950
40 48 23 719
23 39 12 949
34 31 41 947
34 29 41 629
45 47 42 943
45 45 40 776
18 23 15 888
34 56 38 940
36 54 38 531
45 33 33 939
45 31 33 899
20 29 24 579
17 39 14 784
30 44 48 848
27 22 56 931
25 22 56 775
16 34 10 928
16 33 8 850
21 24 14 926
21 24 12 331
34 52 30 780
48 29 23 872
20 29 50 849
26 49 20 912
16 31 9 907
27 28 14 919
19 28 20 918
18 36 12 916
18 36 10 505
13 28 10 915
13 28 8 361
35 47 23 913
28 30 64 878
46 20 25 908
46 18 25 451
20 27 13 835
16 39 25 905
16 39 23 763
30 57 44 885
18 43 14 768
36 40 43 901
33 40 41 828
50 16 26 900
45 29 35 870
24 31 25 898
24 31 23 856
23 27 50 897
21 27 50 843
37 52 39 895
34 41 47 894
32 46 26 892
32 47 23 842
31 59 43 891
29 59 43 622
45 50 40 890
46 48 41 709
15 40 27 889
15 38 26 746
23 40 21 887
23 38 21 822
26 33 23 886
24 33 23 867
39 28 42 884
38 26 43 667
18 50 18 883
18 48 18 680
28 26 61 882
26 26 64 464
32 34 41 880
32 32 39 678
34 25 19 689
30 42 46 874
29 40 46 574
44 35 46 873
42 35 46 798
28 41 49 736
47 27 33 419
44 45 35 868
22 32 23 581
41 53 22 865
41 51 22 654
27 28 29 864
24 47 19 863
24 45 19 710
29 32 53 862
29 32 51 769
18 47 19 861
32 52 44 858
32 53 42 542
16 30 4 469
21 39 22 359
20 16 34 41
29 46 41 758
28 34 41 846
19 48 16 845
19 48 14 358
31 22 39 844
31 20 39 642
20 20 15 526
26 51 20 840
25 46 27 839
25 44 27 786
29 62 46 838
49 19 22 837
47 19 22 646
28 60 42 817
21 48 17 833
21 48 15 677
21 18 38 832
21 16 38 756
24 25 41 831
35 40 22 830
36 38 22 692
32 38 41 781
39 40 53 727
22 45 11 826
20 45 11 562
20 25 18 825
21 23 18 738
47 33 33 824
47 31 33 794
18 45 12 823
18 43 12 662
23 38 19 693
18 27 19 821
18 23 17 584
29 28 59 820
30 26 59 800
29 47 22 818
27 43 23 567
32 44 52 815
32 53 32 814
32 51 30 761
26 44 47 813
24 44 45 307
26 31 40 801
29 28 55 811
27 28 61 809
25 24 56 810
28 26 55 771
30 39 48 808
28 39 48 648
22 25 39 807
21 36 13 806
47 47 35 805
45 48 35 519
17 32 17 804
30 46 22 802
28 42 22 726
20 43 14 799
45 18 24 797
45 18 22 655
17 36 6 795
17 34 6 462
51 29 34 753
22 24 37 694
18 45 17 453
26 57 44 790
26 57 42 587
20 45 21 556
37 54 31 788
35 54 30 741
27 14 41 787
25 14 41 210
23 46 27 733
17 37 14 613
32 53 35 783
32 49 35 696
26 41 27 782
26 41 25 548
34 50 30 598
28 43 27 778
45 51 39 777
49 50 39 686
28 28 15 774
26 28 15 652
17 44 33 772
17 42 33 397
28 27 59 486
34 38 21 767
34 38 19 555
39 48 24 765
39 46 24 700
14 39 24 576
21 47 19 762
21 45 19 411
32 52 28 617
23 27 17 760
49 44 37 759
48 42 37 346
19 46 15 757
17 46 15 320
19 16 37 691
21 42 24 755
21 40 24 577
25 24 14 695
49 27 33 564
26 55 41 536
21 46 15 751
27 41 23 750
25 39 23 386
47 45 39 749
48 43 39 472
27 22 11 748
25 22 11 152
21 28 57 747
21 28 55 19
36 39 22 745
33 25 17 395
29 27 60 743
26 27 63 615
36 24 19 343
34 31 39 740
34 29 39 523
32 53 30 739
19 26 22 737
22 45 15 732
37 28 16 731
37 28 14 685
36 26 13 730
34 26 13 351
19 35 11 729
19 32 8 670
27 28 21 728
25 28 21 422
26 42 23 639
46 24 22 478
20 32 20 723
28 39 50 722
26 39 50 619
31 26 60 721
27 26 65 508
47 20 26 718
47 18 26 676
29 57 43 717
27 57 43 713
30 27 22 716
27 26 22 572
51 19 22 715
32 54 34 714
32 45 49 635
26 27 28 711
26 25 28 580
20 42 18 708
20 42 16 384
23 26 13 707
23 24 13 631
36 28 18 706
24 11 37 483
49 17 22 704
47 17 22 593
24 32 26 703
23 24 15 701
35 43 48 699
31 22 37 698
32 20 37 314
26 38 25 697
24 38 25 522
32 47 34 294
29 22 13 690
44 16 26 474
48 23 28 687
48 23 25 660
17 28 6 684
15 28 6 251
36 50 45 683
26 25 18 383
29 22 54 679
29 22 52 501
32 30 39 220
23 39 26 674
29 25 13 671
29 22 15 668
38 27 42 625
30 39 50 665
47 31 25 664
47 31 23 595
32 25 14 663
30 25 14 534
21 30 21 661
21 28 21 282
48 23 23 532
32 27 24 659
32 25 24 641
45 20 22 657
23 28 14 656
21 43 19 653
19 43 20 256
36 38 19 651
30 28 23 650
32 57 47 649
26 39 48 125
25 27 62 647
25 27 60 421
38 28 41 645
38 26 41 627
47 43 38 644
47 43 36 228
29 41 20 566
22 15 37 638
22 13 37 350
24 43 23 375
33 47 28 491
49 49 37 634
50 47 37 585
28 27 18 633
28 27 16 80
25 25 11 535
19 28 46 630
19 26 46 286
46 42 39 628
45 40 38 333
31 23 38 626
31 23 36 490
24 40 26 624
24 41 24 468
48 45 37 623
46 45 37 549
20 43 21 620
27 27 17 618
30 51 28 498
48 47 37 616
24 27 63 463
36 28 13 614
34 28 13 427
40 23 19 612
40 21 19 485
41 32 31 611
41 32 29 423
32 26 17 610
34 26 15 367
48 28 27 609
47 24 28 492
25 58 43 608
25 56 41 446
46 46 39 607
17 42 13 606
17 42 11 436
47 22 20 605
47 20 20 499
50 21 24 604
48 21 24 533
24 28 64 515
30 54 33 602
30 53 34 92
25 27 17 601
23 25 17 553
51 45 37 597
26 13 37 596
20 43 23 594
46 21 24 592
46 21 22 342
18 32 6 591
26 48 35 589
24 50 37 376
31 39 34 588
31 37 33 377
24 54 43 240
27 27 19 586
27 25 20 226
37 29 15 582
36 28 15 430
47 41 39 578
47 41 37 396
13 40 20 268
42 40 33 575
42 37 33 425
24 50 42 418
44 30 30 571
42 31 30 507
25 49 32 570
27 47 32 429
22 30 55 569
48 46 39 565
42 29 39 563
40 29 39 460
18 41 12 225
23 29 17 561
33 29 19 560
33 28 17 551
49 26 26 559
50 24 26 552
31 49 18 557
29 49 18 338
46 27 35 554
25 23 17 504
48 19 24 547
48 17 24 496
35 30 15 546
33 30 15 538
31 36 52 545
29 35 60 544
30 26 19 543
32 51 42 513
21 26 13 541
20 13 37 540
20 11 37 162
31 38 35 539
30 38 33 537
34 52 38 416
23 26 15 530
22 24 16 477
32 31 41 528
29 26 56 527
34 28 20 524
34 25 21 296
24 52 35 520
28 22 57 518
25 22 58 495
33 30 13 517
32 50 44 516
36 48 51 480
26 29 17 512
49 22 20 511
49 20 20 398
35 52 24 510
28 48 24 509
26 49 24 261
27 24 58 428
40 31 31 337
26 47 18 506
24 48 18 79
18 34 12 287
23 23 17 493
23 49 20 503
23 47 20 341
20 44 24 502
46 35 34 500
44 35 34 245
45 20 20 53
26 51 24 497
34 54 31 494
34 52 32 198
40 19 19 407
24 15 42 482
24 15 40 203
27 51 18 481
27 49 18 456
24 17 41 479
42 42 33 476
40 42 33 230
35 26 34 475
35 24 34 54
40 32 32 473
32 24 36 471
32 24 34 61
27 43 40 467
29 24 55 466
29 24 53 458
47 14 25 465
45 14 25 401
28 24 56 347
31 25 17 461
48 36 35 459
46 36 35 372
25 49 18 447
44 20 16 455
42 20 16 454
42 18 16 64
18 41 18 435
29 12 37 452
27 12 37 414
44 36 35 450
43 36 36 242
17 40 13 449
17 40 11 410
25 39 45 448
25 37 43 319
30 56 33 444
33 25 13 443
33 25 15 137
23 51 33 442
26 47 33 75
17 48 14 441
19 31 39 440
19 28 37 339
46 41 40 439
23 48 29 438
23 48 27 431
18 42 16 334
46 39 39 434
46 39 37 140
26 15 40 433
25 21 15 432
25 21 13 345
23 48 25 195
38 27 15 373
41 39 33 191
32 18 32 424
32 16 32 281
41 26 25 56
32 24 38 417
34 54 38 400
25 43 47 415
26 10 37 413
47 19 19 412
47 19 17 360
15 37 12 295
28 38 51 409
28 34 46 128
34 26 36 408
32 26 36 404
38 20 19 72
33 26 34 291
46 39 41 403
26 25 65 402
24 25 58 70
34 54 36 335
20 44 17 399
27 53 22 394
25 48 22 222
24 37 41 392
24 35 39 308
27 53 20 391
30 18 38 390
30 18 36 155
30 29 16 389
28 29 16 370
31 26 22 388
29 24 21 212
22 28 39 387
27 21 13 385
27 23 18 217
29 42 47 382
25 50 21 381
23 50 21 252
35 27 15 380
33 27 13 243
42 32 33 379
43 30 27 378
41 30 27 233
27 46 34 369
28 36 53 374
30 32 65 305
26 13 40 371
26 11 40 310
28 30 14 354
44 40 33 368
31 49 20 366
35 28 34 365
47 42 40 364
50 41 37 182
36 49 34 363
34 49 34 352
28 33 65 362
13 28 6 264
47 19 15 81
46 38 35 357
41 32 27 356
34 29 18 355
26 10 42 353
24 10 42 349
35 49 32 258
22 14 35 90
24 8 42 199
26 19 13 232
25 44 48 344
25 44 46 290
20 9 37 340
20 7 37 73
51 45 38 336
33 50 37 206
43 38 37 316
32 50 34 332
32 48 33 173
30 28 25 330
32 25 26 229
30 38 14 329
30 36 14 280
21 11 39 328
21 9 39 124
34 24 35 327
45 36 39 326
45 34 39 250
40 20 21 325
38 20 21 244
22 28 27 324
25 29 27 317
32 34 14 323
30 34 14 93
30 31 36 322
29 31 34 207
26 43 49 321
49 34 34 318
47 34 34 276
20 28 25 188
44 40 35 78
28 23 37 315
28 21 37 122
30 20 37 311
28 37 52 313
26 53 29 312
26 51 29 67
26 9 40 273
27 55 21 309
24 33 39 237
51 34 34 306
29 17 33 304
25 48 29 303
24 48 31 297
30 18 32 302
30 16 32 9
34 49 36 301
32 50 36 299
47 21 17 300
34 47 36 274
22 14 39 298
20 14 38 184
16 35 11 213
20 14 41 293
20 12 41 172
37 31 17 292
37 32 15 117
23 9 39 289
29 24 23 288
30 20 53 285
30 20 51 119
49 30 29 284
31 52 35 283
23 25 43 279
27 36 40 278
26 36 41 277
29 24 37 275
27 24 37 134
24 9 40 255
24 20 51 272
22 20 51 3
24 22 51 271
22 22 51 262
42 21 18 270
42 22 16 204
32 20 52 269
50 18 23 267
43 35 40 265
11 28 7 83
44 33 38 263
42 33 38 168
24 49 23 249
22 13 42 259
34 19 34 257
34 19 32 16
25 10 39 197
22 9 37 254
22 7 37 234
48 39 39 253
48 39 37 174
44 35 39 187
24 48 24 248
28 46 23 100
45 35 37 247
43 35 37 171
26 30 18 246
40 32 34 158
39 37 39 209
22 14 41 241
20 15 40 185
37 26 44 239
33 29 10 238
33 27 10 112
24 11 41 236
28 25 37 235
26 20 11 4
37 47 42 231
36 48 38 215
35 24 36 227
28 23 19 219
40 28 14 224
38 26 14 150
41 21 22 223
41 19 22 178
34 25 12 221
32 54 31 218
33 51 33 163
28 24 18 216
26 23 13 166
30 56 36 136
37 31 14 214
13 36 12 170
37 21 35 211
37 21 33 99
36 32 14 208
34 31 14 97
42 33 40 205
23 13 39 183
44 33 36 202
42 33 36 192
32 23 39 201
30 47 23 200
26 20 51 196
23 49 24 165
31 25 59 194
27 25 66 190
51 16 25 193
49 16 23 154
43 52 36 189
48 50 38 86
26 48 26 186
21 12 38 76
43 32 27 181
41 34 27 59
22 21 53 180
43 37 39 179
44 37 37 176
41 17 22 36
45 19 16 177
34 33 14 175
27 29 15 169
42 20 19 167
21 48 24 84
22 11 38 164
41 18 24 161
37 21 37 160
51 16 23 159
37 23 33 157
30 22 34 151
34 16 32 153
39 30 14 114
16 20 38 149
16 18 38 120
45 13 19 147
43 13 19 48
23 22 21 2
31 24 10 145
29 24 12 94
25 13 34 144
23 13 34 95
16 16 38 143
16 14 38 17
50 20 19 142
42 52 40 141
42 52 38 121
32 25 22 139
32 25 20 55
26 27 66 138
34 26 24 135
31 26 21 63
20 14 36 133
20 14 34 98
22 46 25 131
21 46 24 42
43 32 29 130
41 34 29 68
33 26 25 129
26 34 42 104
31 37 44 127
31 37 42 123
21 48 21 126
29 21 32 105
28 20 51 10
36 50 32 118
36 48 32 107
37 32 13 51
49 19 15 116
38 29 14 50
45 15 19 111
43 15 19 38
47 33 29 110
45 32 29 102
47 15 19 109
36 26 39 108
27 47 23 106
44 20 19 103
36 16 32 101
35 21 34 45
20 12 34 24
20 7 39 96
23 11 34 82
44 23 20 91
36 29 19 89
36 29 17 77
22 10 42 88
23 10 38 87
25 21 59 85
9 28 7 6
40 19 17 74
38 19 17 11
42 24 26 71
42 22 26 58
26 23 58 66
43 15 17 69
41 15 17 14
47 15 17 65
45 15 17 62
30 24 20 25
33 22 36 32
44 26 19 60
44 24 19 26
42 23 24 22
25 15 43 57
21 13 43 52
35 26 32 43
16 22 38 49
41 13 19 20
50 18 17 47
48 18 17 21
47 13 19 46
34 22 33 33
45 17 17 44
43 17 17 35
16 24 38 40
34 19 36 39
41 15 19 30
31 19 34 37
30 20 32 12
32 19 33 34
32 19 31 31
44 25 21 29
16 18 40 28
49 20 17 27
27 15 30 5
43 15 21 23
42 11 19 18
44 12 17 7
16 18 36 8
24 20 53 15
24 20 55 13
16 16 35 1
